Hs	Hrs	He	Hal	Ht
0.439311676927151	0.366298578649338	0.470966711562632	0.514764636969209	0.522158897646525
0.451363703364261	0.431596509490069	0.278614548494285	0.248965571908346	0.549501681365382
0.59877279749156	0.662022520526738	0.665977773044502	0.619113650899582	0.543131381429203
0.473249967517316	0.425842006167533	0.437732457477328	0.475956040291285	0.52624947920195
0.507922016804967	0.550731433312486	0.58160366695786	0.53074106504013	0.549501681365382
0.452920461366165	0.448990458836472	0.111760755922608	0.0981420302563344	0.56350708080667
0.43107836143147	0.38631634077773	0.334767605929485	0.296534803252246	0.546494141275025
0.524517898194736	0.565365778150274	0.664080500700209	0.59496505139408	0.55049840070813
0.544115226754243	0.583677785925028	0.604550599157504	0.542876550353299	0.549357036289163
0.518906728923003	0.53823881441759	0.520745329477863	0.465114013189577	0.551812511895378
0.563004234768098	0.595036123661749	0.563688926560873	0.600772514759881	0.5189201310748
0.536987050125635	0.576252018126271	0.499896278307902	0.529785024829531	0.52624947920195
0.403402787982217	0.335224405644083	0.42878098917649	0.474787458913641	0.524039608246999
0.548676239016542	0.562441428263182	0.50892890291644	0.457169712003645	0.549467314022794
0.478179624231247	0.510501536223458	0.505801001591233	0.459381060738406	0.547645655127624
0.59176275118435	0.682246165646016	0.899646987002338	0.829576208306093	0.55028376065659
0.567061413116711	0.668203491533961	0.467308802908569	0.43264988158015	0.557209887646797
0.456408760947377	0.419324786015551	0.442151200061357	0.472775908917006	0.528237724820117
0.572905318182963	0.687436973529454	0.818812122605285	0.755004916330561	0.553199526881692
0.503136324597517	0.476144769745136	0.310134955032656	0.266066554960426	0.56350708080667
0.487878981671367	0.499391987315608	0.452203588495812	0.408505472672342	0.548635451738003
0.522053899331517	0.534259466001841	0.524366945675583	0.561141877992633	0.521870047665536
0.539671419115155	0.609751591315529	0.932374917621136	0.825891753465898	0.56350708080667
0.477762658536981	0.513652564249936	0.522254148709272	0.550159494744008	0.526021483340938
0.471531654058227	0.45520143914729	0.324262825926107	0.288495937508054	0.553199526881692
0.458464994154923	0.468824506720968	0.401308962588209	0.349674775275423	0.548775349976467
0.550000156528914	0.583866432871886	0.524160135381992	0.549032818620651	0.527103745092493
0.389310122100458	0.351564365854101	0.357761672829709	0.312726335776757	0.548293578793632
0.52078337940541	0.61496459383358	0.573632493279166	0.595848509165795	0.52624947920195
0.511408178703303	0.494834512074689	0.528943389258011	0.560242073680301	0.524231147721427
0.494156157724277	0.521607899032072	0.508504367380314	0.464102271002434	0.549420075523522
0.485948448323014	0.433252339286193	0.516718420027242	0.549496019162918	0.524231147721427
0.477785375056435	0.428495756888094	0.511475544166228	0.544907227689188	0.524231147721427
0.464477997483531	0.455123414102864	0.419658951241411	0.380098236710356	0.549420075523522
0.424002689762472	0.347760933458825	0.475775307066585	0.517051394811628	0.52294609888958
0.47720726603666	0.477823316809787	0.525582277048379	0.467848276830404	0.552302606556584
0.521683047003969	0.579434193726451	0.557866453059982	0.584819112736213	0.524760278233393
0.48887764717179	0.50166153206658	0.26284421619854	0.236331975532459	0.551263854508987
0.505132574520987	0.53628321014261	0.50492817567339	0.552946597320837	0.517412096010608
0.553622766400382	0.641175180742752	0.606866954814003	0.546196288574809	0.553077368336304
0.491078752857741	0.469367262188802	0.174261510658784	0.155331704758501	0.551812511895378
0.466861318943851	0.493787587275405	0.51771887474412	0.458660938256008	0.55810248424622
0.508733091192513	0.506119901127017	0.458776829266811	0.410089425880841	0.548293578793632
0.59097120167214	0.657129146600327	0.428387422145536	0.39157583678958	0.554027427363303
0.539178357713392	0.593917504697369	0.509062897125262	0.532019451043424	0.528237724820117
0.457597734297239	0.466179693041982	0.467045879308545	0.508009295510365	0.523631015086528
0.585444514107009	0.708766166958014	0.568461162592463	0.598340754518057	0.522696057786118
0.474995420608413	0.500760620384679	0.565417735216023	0.509577852907379	0.547589340521879
0.479251842273385	0.485890529532984	0.463341443242322	0.418042010772779	0.546098620762141
0.454392866619754	0.427389898649737	0.47251373443799	0.423981772490481	0.546098620762141
0.518315314373649	0.547110656310646	0.536781501089605	0.558086375898078	0.527923653684637
0.554943005213756	0.657590669710211	0.527487960786032	0.574109649155044	0.516233037400826
0.497588967099273	0.517249781481436	0.450384651585448	0.4168161381928	0.546853262084799
0.471512255103729	0.450131720369228	0.293678451027032	0.26817723037888	0.546494141275025
0.466989492302151	0.448371153233415	0.314309128519209	0.277529308884238	0.560930393060749
0.480282465891387	0.467961207150799	0.470456934849945	0.414310742912962	0.557209887646797
0.473262463422365	0.493700195838991	0.422166152653452	0.374039716051974	0.55810248424622
0.469398730069138	0.500330312904243	0.595690002494005	0.530032478590673	0.558639125389869
0.508997596383128	0.539842379758857	0.782965629656358	0.690035173576502	0.556584518150893
0.600210402745492	0.682610132923729	0.764921249667067	0.695394264234698	0.558639125389869
0.474014622867532	0.463884159495707	0.312457567867221	0.286472244221292	0.54675171320742
0.494930467335488	0.533889334259344	0.405266692270377	0.376185470651203	0.546113007963114
0.38956242566634	0.348563161378756	0.281112788089833	0.248363072701498	0.551263854508987
0.485288546420542	0.487436400436282	0.247301924063944	0.214024103480844	0.557584822072002
0.488962146182319	0.495204749474621	0.510324671077426	0.456815122028605	0.548440631543976
0.486120426437692	0.506682149061168	0.459852797682725	0.413308128259397	0.553853850105552
0.467819819363564	0.467622431187314	0.497599698016404	0.431323532889192	0.557209887646797
0.485997101256142	0.468379372521897	0.343431189723994	0.303928000480133	0.558639125389869
0.481916996844525	0.486411788314129	0.413338728376199	0.365321614756164	0.55810248424622
0.41383071587955	0.388633094567694	0.459965900450668	0.497096883515154	0.525513265939255
0.576299784812904	0.637985878291084	0.535200478188485	0.567490711684142	0.523412907059057
0.500872244358549	0.527890710990489	0.46722024600193	0.423218557265006	0.553199526881692
0.521297679754347	0.522630222280245	0.426653564345858	0.389395799222814	0.555551539830734
0.543909797668336	0.582452302228074	0.672881279108098	0.615427644803327	0.546487750305797
0.5244625798956	0.559958891372134	0.512773594967886	0.466604327993892	0.54675171320742
0.477040028487486	0.530352049361815	0.665468746432049	0.599282349002843	0.549501681365382
0.526812917606538	0.58900513392847	0.504281650391088	0.528230672555714	0.528087292624469
0.518783889172418	0.574411112502885	0.658670960040043	0.592891493371025	0.548366339208483
0.566950611697474	0.72143537629568	0.524030395800252	0.555508252446355	0.524414820732427
0.458948496778707	0.464479469030757	0.445927366829435	0.404991696195613	0.542228917757359
0.588978805579574	0.667176258560884	0.761175321769128	0.694838182825335	0.547645655127624
0.458818271605093	0.472024506416861	0.517020257208687	0.461158682286961	0.551612252119523
0.494868110263328	0.481114428976974	0.442320467021925	0.394361283319584	0.55810248424622
0.558488237581616	0.653293987211598	0.555080741598134	0.506983923292928	0.556584518150893
0.580472253797537	0.638427512349633	0.674248452659791	0.622243031420341	0.544453650613355
0.413128410086124	0.37958295223796	0.356991682626263	0.311447646628232	0.549357036289163
0.478544036753933	0.44285828492224	0.493036826313784	0.519944239031034	0.527550594131863
0.526629995030864	0.620397175504364	1.03507474960181	0.857319462788014	0.588148397702131
0.536079700915522	0.559678379493021	0.455349214722667	0.426494882544253	0.543404048253195
0.567000090199343	0.794285163612194	0.511248574188826	0.543487480108752	0.524760278233393
0.490196885702593	0.485627845544321	0.458238269325055	0.403959066972136	0.554728689447666
0.547319970899079	0.617913111877262	0.515355357006253	0.573349717608975	0.510458573143709
0.512878987545147	0.524714239881696	0.574036727043372	0.518562899954244	0.547946214888507
0.497352107360703	0.480466241249274	0.442583379426394	0.402075778456159	0.552620472826294
0.59351218037111	0.660679160614541	0.608700063932786	0.555756965152798	0.556353045275463
0.523123865646871	0.551692991196711	0.356582372702063	0.324940680972334	0.551911369245014
0.528847453557579	0.541943675359909	0.321275013527485	0.297928976972041	0.544696057605311
0.506086345053255	0.539729227259456	0.628599649867369	0.560919801551486	0.551263854508987
0.598079703537265	0.727989218112061	0.545305718664777	0.568748238905888	0.526846672002587
0.533762146519728	0.596689062957187	0.535716749849402	0.494622227845985	0.547645655127624
0.502826577619805	0.535477835206083	0.762634159976562	0.682593929875229	0.548971614619562
0.553416648236468	0.609899820152556	0.635215974409952	0.582048962555825	0.552620472826294
0.573156069048971	0.609984837673292	0.575182534185348	0.604809819954813	0.522433933216851
0.483826273582229	0.470320021254338	0.453560473376916	0.406726710860097	0.546595148877602
0.511173578818204	0.503769409048417	0.151858556989198	0.135072141339115	0.562179480938369
0.440252768982612	0.393834011648141	0.448227314525801	0.489161941361934	0.524760278233393
0.525631387054616	0.576938645673312	0.678881618075643	0.596211083223199	0.562179480938369
0.596785137369572	0.687194196381666	0.911453931548421	0.833103407601561	0.557584822072002
0.581655274827872	0.770556790250753	0.539527637610559	0.581475366667541	0.517946411642854
0.530710864773119	0.528970196028056	0.575090017457307	0.525218172626169	0.548775349976467
0.531074241659893	0.516825999942466	0.474886392218652	0.510310291489418	0.525374025113182
0.526220681048477	0.591520602211212	0.595143442320216	0.536909697906393	0.551911369245014
0.483288110294419	0.450205391220197	0.310919914113196	0.274094319348595	0.553486364153921
0.478823341667941	0.439595635085741	0.460158525939562	0.498041851039489	0.52522940108566
0.47998501522262	0.488783516857812	0.353685981364695	0.322374360913865	0.552402114432909
0.516600357495865	0.52142624036902	0.815713743625534	0.735748306029282	0.550082796778925
0.566378319588506	0.64318202998186	0.619871694609392	0.567998312821111	0.550524356087047
0.535034340698429	0.585512320330275	0.694936341285005	0.642009711023757	0.550103553454263
0.508804862840331	0.504726232362854	0.42174106317922	0.467912659381086	0.524414820732427
0.583071989752334	0.624929034893889	0.639346422715324	0.580554854384431	0.550524356087047
0.492773052788419	0.503228245945282	0.387071510466357	0.352387793633711	0.552402114432909
0.475284704135543	0.452054975089683	0.31873540997077	0.285387769037137	0.553895986798891
0.484857641676019	0.510718651464453	0.441811129588904	0.39972079059461	0.553895986798891
0.458496208495175	0.402264883590059	0.146900476606799	0.129301623603629	0.55810248424622
0.507105536337038	0.483551723654956	0.45970317166656	0.406630719396285	0.547645655127624
0.615663068829602	0.728988776391449	0.859641986781434	0.794040969970991	0.552402114432909
0.470677010994683	0.536819874482881	0.516563995642978	0.559234459733767	0.519364734392739
0.525943331305981	0.567692038498747	0.548702370067797	0.569446530406442	0.527745323015366
0.558867318461418	0.632190929862954	0.64098680110563	0.588386353510787	0.55049840070813
0.588745161828061	0.677812417607227	0.518734420036318	0.479219746705137	0.556088466985464
0.530423687286151	0.552646352408162	0.538522144344298	0.489251610027572	0.54969508104467
0.520917402756298	0.532358735896064	0.432283344824366	0.389764632297036	0.549420075523522
0.512179580547773	0.523077591212225	0.794418554447096	0.702444896844133	0.556584518150893
0.502870428395259	0.521186407102967	0.421688481723898	0.385133836834795	0.553199526881692
0.502855880221116	0.534378408104809	0.521796330032994	0.544517232511787	0.527923653684637
0.465357051771825	0.486853025664113	0.493068807811565	0.524399228129618	0.526021483340938
0.5784057254709	0.644914814361894	0.715860037502812	0.670263476090659	0.538523001057647
0.583757967161369	0.651617326176997	0.38132441247709	0.349573811842411	0.549467314022794
0.534848311079995	0.55118599197532	0.518103896477712	0.481378090688937	0.546510180611498
0.555861972734918	0.593676938956579	0.52865230759475	0.495405539624911	0.541128081844073
0.502337539933723	0.570377186750003	0.733380746346229	0.668775877744222	0.554521669979296
0.494847974703825	0.529629660588973	0.541160450933408	0.48641400805999	0.547645655127624
0.500491168152301	0.515826979135137	0.543949238806183	0.494310478733179	0.553077368336304
0.467995631562218	0.468897727803269	0.543993291107733	0.480288555922252	0.554750359061914
0.620152063639696	0.681148044191675	0.60106926377338	0.551484116083598	0.549357036289163
0.607391035002829	0.72612260968883	0.598392784163277	0.619972345255435	0.525513265939255
0.571323553353603	0.614326759854603	0.554891203200839	0.509104152208361	0.546853262084799
0.536934101322445	0.519809810713275	0.388409853246815	0.360109658682438	0.547912085459279
0.591460360683794	0.700082975658567	0.542507657652744	0.568821284766059	0.525776647522227
0.547250118127489	0.636276494960565	0.518866329956178	0.468218570076625	0.562179480938369
0.600799584861138	0.736668571680723	1.20695338240507	1.0984492383747	0.560930393060749
0.5401556565726	0.589135966973821	0.539111241745422	0.487423692816675	0.548971614619562
0.578877245648282	0.658912534675684	0.583721943143108	0.601572615598169	0.527745323015366
0.527969436030313	0.572834730133271	0.696785716439171	0.645494387020118	0.539375977984428
0.522380893918976	0.532237800701857	0.477828410394185	0.521870622764502	0.521566395157487
0.514611599181005	0.534214404404091	0.509046071065839	0.540435327650688	0.52522940108566
0.50874537565461	0.506284532373474	0.439104019674352	0.394411439995192	0.55028376065659
0.460571067033104	0.433681072840582	0.253178047618002	0.224777560383373	0.550082796778925
0.562556403944006	0.639522992595876	0.579597773562828	0.527426821829657	0.553895986798891
0.435969381578221	0.437091234028881	0.420453846182898	0.333402015656725	0.607145758095678
0.481817413952112	0.502390791181112	0.518952945550502	0.478174559366514	0.54095699825196
0.481725775723874	0.469011342226038	0.458651969218389	0.417759551431509	0.545969827595227
0.614749654335277	0.629046997422174	0.247523225571077	0.224344773997698	0.549357036289163
0.508077395364047	0.608780621001058	0.547233178410853	0.571194282876762	0.526563148333194
0.594757302516021	0.663578341187914	0.336601375341771	0.308167581068484	0.557209887646797
0.491489732282432	0.489071844896954	0.479397710279646	0.427394484128314	0.553275114726364
0.508538253342405	0.514199357438998	0.188575457921667	0.169160631852348	0.550645829750355
0.447279886332781	0.395565014736664	0.747652336890758	0.647261247648443	0.556088466985464
0.447216428536382	0.429338021556694	0.47010245478578	0.420826897081413	0.554521669979296
0.533105247689483	0.574435292958861	0.770248794514602	0.691643728140274	0.550645829750355
0.488596244434462	0.475032007634467	0.558877448486124	0.50246609600092	0.550082796778925
0.601248208825139	0.678746845032886	0.722624784515191	0.669716065174636	0.541333504766553
0.53383929718292	0.582670682909085	0.555127068593144	0.505418729489454	0.550415151959234
0.58601048021573	0.636227087014774	0.537112605537454	0.488532704648497	0.54969508104467
0.468313070541806	0.455104207430024	0.505254832847076	0.532881305074821	0.526846672002587
0.522178089762927	0.550561537279423	0.532552186237266	0.487761395165151	0.541923780951238
0.568187113770998	0.650012439182351	0.595645397313153	0.614106173266611	0.527103745092493
0.532303916343934	0.639418882955828	0.582331430322714	0.6040190391517	0.526137487751097
0.568865854663391	0.676619241794458	0.551105990471234	0.589040062374147	0.519364734392739
0.521441848551301	0.520250658171301	0.214768930336494	0.19015521789331	0.550645829750355
0.532988206963659	0.567936671844814	0.408271792881173	0.371162949907928	0.551911369245014
0.497577175861804	0.497680197458705	0.273769601838098	0.243528438514706	0.553486364153921
0.419677192298492	0.412532514748045	0.0701990551070938	0.0631780331132876	0.545386327916495
0.531264088889404	0.517849055141165	0.49068008551024	0.515540231799484	0.528237724820117
0.680745582001339	0.888942931447003	0.654403466011214	0.677366758228621	0.521870047665536
0.544723901557388	0.60551741593356	0.52697760170674	0.552254329276096	0.526846672002587
0.525205942297469	0.593140114495384	0.487937731395644	0.523170649389645	0.524760278233393
0.546672375456014	0.573020425774412	0.338131748978441	0.294985454391218	0.590272542270064
0.508093826161521	0.593996601000556	0.551199391799007	0.500188263184938	0.551911369245014
0.551994080033427	0.587220326320176	0.573179908038422	0.520365812140578	0.548366339208483
0.546217775425258	0.597126106320415	0.674020138105378	0.61910035233875	0.543837956493502
0.5376529044156	0.541452644625725	0.44969477148155	0.399501363670127	0.554750359061914
0.478511415190991	0.441560447817353	0.476948130982698	0.528518930821404	0.517946411642854
0.54370695862847	0.562711015515462	0.534538393433471	0.564783767697707	0.524414820732427
0.549660209687591	0.594231830763443	0.503836142387182	0.527319412310057	0.528237724820117
0.533493497725862	0.540099489093615	0.539517144801118	0.567074334711312	0.525374025113182
0.586971146472373	0.725096597176122	0.876242781228661	0.792657638169745	0.56350708080667
0.498499673016117	0.501183688970524	0.602267858849296	0.545073944349917	0.544890062510223
0.492350078813371	0.515926119170822	0.672147715306826	0.601847016059478	0.554728689447666
0.462487838297917	0.479301864315499	0.517964132978285	0.470058921296354	0.545086373972636
0.498292803043698	0.533600158848537	0.583037121423957	0.533299313276269	0.54213588206925
0.498337782780313	0.518533957770375	0.450558018566211	0.408476250262949	0.545969827595227
0.55452896722473	0.596197647567249	0.467512950665302	0.424730532963294	0.553853850105552
0.554042569376931	0.633100698857032	0.480839342183251	0.521933250470529	0.522696057786118
0.51321720433254	0.537021563700026	0.481119635863723	0.514978585686275	0.525647390180549
0.446119868064702	0.414878375667179	0.322922205634005	0.291278570073478	0.544325068541353
0.497247789735886	0.504266914846138	0.372764521522925	0.338982301369171	0.554027427363303
0.430278128508425	0.360053306574261	0.0294858843636413	0.0275451916283526	0.550082796778925
0.487473432190202	0.494351573667051	0.525830576748748	0.553341311170927	0.526021483340938
0.535159641144662	0.586109783090727	0.536181782318072	0.562867857372046	0.525901272029747
0.503373808175725	0.479542243475034	0.500114070112419	0.526235111192269	0.527550594131863
0.58558106995229	0.708182014920159	0.575133591387646	0.596740001887365	0.526462142563358
0.433257769077574	0.376605203625792	0.319511542506628	0.284993363532094	0.551499576128346
0.494363556914959	0.519750368567904	0.45464297712372	0.415787691823103	0.548257693389133
0.556099617717991	0.617746162218739	0.767751509596167	0.695687109271395	0.549467314022794
0.536680914841796	0.605828026034093	0.65893897445394	0.606080997066986	0.547645655127624
0.570807441153783	0.682686690072495	0.517770688439256	0.552213105601568	0.523412907059057
0.534522723937098	0.528629310275005	0.144755698723024	0.130623104333536	0.554728689447666
0.560053918455418	0.594011307827788	0.848210641406648	0.762766093877871	0.548775349976467
0.580493133926363	0.68024675901282	1.46101174479396	1.29105761724455	0.554728689447666
0.496982010399553	0.496903780060487	0.324077690832352	0.290001465689278	0.550182023857801
0.536068668164971	0.572028977060279	0.493814444441595	0.447306906354107	0.552302606556584
0.466756251188966	0.460566676372721	0.428735449641172	0.385072782956771	0.547946214888507
0.646073583864932	0.743881086936762	0.766429465895708	0.716972970902477	0.547452263349479
0.504639932268229	0.499455259217172	0.642638315047317	0.581606025023927	0.546098620762141
0.487531408446479	0.483553428181281	0.459366420311092	0.406677028453914	0.549501681365382
0.542539413629146	0.581731032979798	0.542217809607542	0.493189219701666	0.547645655127624
0.550547472551381	0.598725608728644	0.803781934138565	0.71597220854765	0.555551539830734
0.662202018601724	0.726022873390502	0.548980893793131	0.503711149851881	0.551263854508987
0.556066338276497	0.586443028522103	0.628032847054495	0.571640483476211	0.556584518150893
0.548115059523998	0.557390905669576	0.38039294669349	0.339981829732683	0.552302606556584
0.51036699274546	0.551051035988614	0.587833749889088	0.538554451543914	0.550791138744376
0.560464831638534	0.627727664363809	0.625849090269428	0.573935015872502	0.553077368336304
0.475361581340989	0.438721914199403	0.525287952585432	0.571196921176156	0.51684213486227
0.510970490738833	0.522277546660299	0.558660290212413	0.510573811062931	0.544321497895929
0.598081677373092	0.713984486291693	0.753685057729793	0.701322769274911	0.547589340521879
0.459168714912471	0.433062795653058	0.324036082605935	0.291373217767033	0.557795963321143
0.474007888271067	0.478869488978905	0.470935383969243	0.423614696734055	0.549467314022794
0.474954661100039	0.474956267927891	0.396553415811908	0.457394268040233	0.52055524824549
0.509597251394401	0.538091220088018	0.597291138417127	0.544085851896079	0.546595148877602
0.477240803750753	0.483392691805832	0.378232192030874	0.345041131032153	0.546098620762141
0.522210692452695	0.538731687009983	0.471348135591593	0.409138625363641	0.556353045275463
0.478455528923706	0.491345738564158	0.572263486188989	0.515649194806318	0.548440631543976
0.547820970506941	0.681186358757411	0.574568626327069	0.602040731425843	0.523631015086528
0.458512349647594	0.41433816683224	0.317126819541792	0.288400747686962	0.542742154512044
0.634568281524374	0.760887371248777	0.599490504756861	0.638347938940179	0.514881067314304
0.511539205421901	0.555613985162534	0.664631519395103	0.598915378278403	0.556088466985464
0.494496053458615	0.489751894677126	0.52722258710511	0.550527793646415	0.527550594131863
0.559723062124326	0.650470127833733	0.857060418597305	0.799876073366045	0.548971614619562
0.553496387695984	0.608956227197716	0.347593725460302	0.309614339264567	0.556353045275463
0.457018825906399	0.45554070782209	0.838800424220779	0.732858119905887	0.561153995757714
0.479459778033668	0.48356892112272	0.518055686456113	0.546431082092071	0.526021483340938
0.581621830531276	0.625356411717065	0.703437131694207	0.629198876560652	0.553486364153921
0.480731838087837	0.496032901869	0.130293445112377	0.117049269352516	0.559752426533746
0.587362077394054	0.616936128675507	0.477063321925555	0.436816062516305	0.542597383958813
0.599987385602511	0.71536104375942	0.804029350243942	0.740322855787686	0.554728689447666
0.453323779916591	0.41419849939575	0.28509511037737	0.251018426484188	0.553199526881692
0.574705013214601	0.595117454130869	0.423209438230095	0.39345502511532	0.545969827595227
0.494506363883453	0.501704417460662	0.440783869645911	0.393620078917712	0.552402114432909
0.490605144668331	0.576262225033254	0.48339442677032	0.435172386253382	0.56350708080667
0.515087196897473	0.511979180208062	0.529272839808762	0.479867305617256	0.547589340521879
0.412796728806497	0.410870165890849	0.494764480546236	0.543407717082251	0.517946411642854
0.536592424949523	0.613800658283805	0.657458510272404	0.589383905589431	0.557209887646797
0.510813421822608	0.550198245561557	0.496973104140434	0.521686933955351	0.528087292624469
0.514191374982292	0.523057164913906	0.509118277906976	0.458848068917376	0.547946214888507
0.47398372323732	0.449104158808456	0.408942553314849	0.364378018367038	0.551911369245014
0.540296216732116	0.54549161374538	0.503546104886537	0.529940303738342	0.527337496843353
0.636643783108421	0.850183664965513	0.584741711693948	0.616579128377467	0.52055524824549
0.515797221677132	0.527495029025724	0.517325483298472	0.452876140347295	0.552402114432909
0.435567933240828	0.44160815367779	0.607689194750793	0.54831194125931	0.550182023857801
0.549511357024392	0.610157518321165	0.64244451046094	0.582068035885304	0.550645829750355
0.511289947171714	0.580683399574921	0.4616817844703	0.523142915213117	0.514128554714838
0.566035113297145	0.722020862714762	0.554650088137849	0.596359009744259	0.51684213486227
0.487495018279292	0.549742500640411	0.47879703488717	0.526420347830052	0.519784176429582
0.495239143623755	0.45309521140143	0.457581153214697	0.499468610553979	0.523839732922601
0.583274905819905	0.703676737132998	0.52311041721781	0.55391877164475	0.524760278233393
0.497206526040775	0.575978674940967	0.478286789603477	0.520349909361459	0.522433933216851
0.522441163607296	0.57231810835168	0.780094557934911	0.699232714610222	0.551812511895378
0.520437131246647	0.559628821322053	0.91758450562056	0.823799497678051	0.548971614619562
0.392656745142847	0.369588897590704	0.486680022013461	0.522081622055341	0.524760278233393
0.575161929312805	0.65108674623682	0.619785209697959	0.645845593344899	0.521870047665536
0.557386928802738	0.598160988926793	0.475365533622204	0.432821557888031	0.550791138744376
0.461087611862475	0.449533127207575	0.649726805165107	0.571581594897048	0.558639125389869
0.569816559140704	0.646001027114379	0.867239842725994	0.778722272136759	0.552620472826294
0.499222752822631	0.533228024688586	0.506332119052895	0.530607765524698	0.527923653684637
0.541285406292648	0.61223172108298	0.826999515985217	0.762522906676543	0.540941605835757
0.508905796080301	0.542966723813666	0.580437423484855	0.522709881839605	0.543404048253195
0.493908767680412	0.489135063149339	0.503731136579046	0.554054875206599	0.516233037400826
0.547050512837673	0.633024513271285	0.539081661664282	0.467749034018184	0.55810248424622
0.467866358092989	0.457843423156973	0.498295318616422	0.456232167063745	0.540475558870087
0.518855072696388	0.540519133321173	0.506578185131853	0.449778819388312	0.553275114726364
0.528825308047534	0.63426422804074	0.623116778858963	0.557878246938786	0.558639125389869
0.501577092527377	0.471984807366357	0.555800364822543	0.593891997267167	0.5189201310748
0.524619852568715	0.512985461364107	0.422008475060657	0.383178675658977	0.542228917757359
0.503880848392739	0.580975856809186	0.503708398447796	0.543291560285866	0.521870047665536
0.513074732040474	0.542022494483815	0.560735319044501	0.509543495470519	0.550791138744376
0.584680137033349	0.6392355229048	0.722316617348183	0.661932434011897	0.550791138744376
0.551235038816738	0.650765432399614	0.737290599230826	0.684443204460065	0.553853850105552
0.61683661046372	0.702668767000532	0.709539722069632	0.658117884137242	0.545086373972636
0.565636740074506	0.693707314148829	0.561416342436528	0.59160441907083	0.52294609888958
0.477757279153147	0.421783239065407	0.425405771000319	0.468638335174914	0.52522940108566
0.476081267869539	0.508423837978374	0.538611026904202	0.564754215168727	0.526021483340938
0.523378106485218	0.665072317796442	0.481001895202323	0.523267778110519	0.522158897646525
0.506582583242718	0.519214940045221	0.427772104304012	0.393843709630112	0.543390983003582
0.433064157766714	0.401365040848271	0.46403973395454	0.500973286884299	0.525374025113182
0.571450169045082	0.687703912435804	0.583105891547745	0.611417978839774	0.522696057786118
0.654534494306931	0.698714388559148	0.687363437991248	0.644252182404503	0.538293290143628
0.556180106487554	0.606655191583679	0.407267419414816	0.376859761288237	0.553853850105552
0.528450670287148	0.58998740896526	0.539088133592614	0.564109278964863	0.526462142563358
0.552813358428512	0.591751204034263	0.527652062855553	0.486857410074348	0.542597383958813
0.515509719449559	0.589740894985208	0.50922223944265	0.538611042697584	0.526021483340938
0.582775882328578	0.665158318423751	0.553420269409632	0.576091730867297	0.526846672002587
0.608589409746315	0.783581438916622	0.575872015577829	0.602056412117297	0.524231147721427
0.620550539622835	0.764792535129083	0.880207752234492	0.807071168164171	0.557209887646797
0.539296262270273	0.560196518007253	0.602106982692885	0.544110463625046	0.553275114726364
0.558837165067997	0.578905134035247	0.55205370067267	0.512103344931137	0.537181132316801
0.515603531645948	0.523038588136868	0.399269280061604	0.367605831939887	0.541690785555911
0.526252733031258	0.556872711466136	0.643077325680362	0.577825030446284	0.550182023857801
0.53988868433163	0.640051849195335	0.8453276384383	0.783475575041899	0.541128081844073
0.510235673940515	0.581526780772023	0.454247634349627	0.413158053359818	0.555551539830734
0.487296333400642	0.502748507349674	0.554977097653582	0.492713956763578	0.556584518150893
0.554628549457857	0.581836278278371	0.677167700414853	0.594426590914888	0.548775349976467
0.53512526668011	0.598041987138498	0.503746594420734	0.528291821223272	0.527923653684637
0.505746702234782	0.522469719256377	0.628000554968772	0.579423431270194	0.547452263349479
0.543251784287345	0.618541446149636	0.627358841883481	0.57711762069469	0.548293578793632
0.476210817725204	0.460839358561587	0.497067573236091	0.535279095578742	0.52294609888958
0.480880546954188	0.486040569461519	0.452657886897488	0.409890163015546	0.54675171320742
0.43117373657177	0.40071100509353	0.522431002796136	0.463636954915502	0.554027427363303
0.520750304926269	0.525985748028129	0.415006276071261	0.386138975442735	0.55049840070813
0.505416624319191	0.537716876547277	0.451957192932817	0.410783474629718	0.553895986798891
0.474950220570237	0.471476777159073	0.401202961195663	0.353442093654753	0.55563378633737
0.476873410330541	0.50788878387991	0.444288359312515	0.407418491274739	0.54387421333004
0.498420938747467	0.515363807182815	0.562341371475317	0.509186367016403	0.545570886895008
0.495988656590635	0.485792809453929	0.389820236706317	0.349458505068705	0.546899585612746
0.523514550550031	0.54874066859024	0.467293156363679	0.429068976777582	0.543404048253195
0.505047925354401	0.516775373363898	0.489065962961361	0.440461094098979	0.547645655127624
0.519731234046309	0.567068586343641	0.601618893838234	0.540500485395933	0.553895986798891
0.562156305570115	0.621408072357995	0.38466111030414	0.35181335299636	0.556088466985464
0.431783177564398	0.424310283997833	0.689380402695674	0.610627161166555	0.545386327916495
0.500439861672322	0.485103683900195	0.54309232801726	0.570591144086457	0.52522940108566
0.595344303060906	0.67065135355689	0.693152219500227	0.652901598048598	0.537742776481879
0.640289078357137	0.739466918947053	0.819468170137395	0.757916055237261	0.545570886895008
0.559735570247334	0.598760285236075	0.621482933339803	0.574863450628648	0.543404048253195
0.45393301620766	0.444631035333094	0.413505198741825	0.37364185975624	0.550082796778925
0.5758055400591	0.67933991161089	0.527412826205112	0.548607617161804	0.528237724820117
0.551883760539995	0.597497376387432	0.468231782322919	0.500342567111814	0.526846672002587
0.60415272067361	0.701347604007029	0.803073963966319	0.735299703992538	0.553275114726364
0.60955710552816	0.739273359208397	0.474875157151064	0.434013273444895	0.557795963321143
0.572943065749368	0.8052478713267	0.556587009274557	0.595375767750885	0.518448173844153
0.635008646128466	0.716239300947673	0.681038040421239	0.641929277504489	0.54213588206925
0.532526475155148	0.578735355266315	0.666548773532936	0.593931868191735	0.559752426533746
0.589448413776643	0.694790333739542	0.741616641400344	0.676683147240008	0.546510180611498
0.661476098555294	0.867523626926422	0.681766485789482	0.692782281102482	0.528087292624469
0.597658860336531	0.650807366283839	0.5096877705946	0.464403668730907	0.548293578793632
0.44135838938375	0.415724241115355	0.220295428726842	0.194343733019364	0.557209887646797
0.494209106704448	0.540500497122497	0.547613604171075	0.57283235449821	0.526021483340938
0.497367152786923	0.496755446901875	0.239186283430361	0.215224975014275	0.549501681365382
0.512565852004892	0.527004767043884	0.536032597035366	0.484369234993499	0.55810248424622
0.491885492953555	0.552811675435111	0.664040788383961	0.583131396133108	0.557795963321143
0.474498866369454	0.471546894427795	0.466038304061243	0.496154656351231	0.527550594131863
0.467251479887273	0.443183563430862	0.363604376490919	0.32245989900851	0.55028376065659
0.483089695095722	0.480403446190361	0.403366898703646	0.366237706000646	0.545086373972636
0.473538213595523	0.480692832410532	0.299811193582791	0.266461493151136	0.55810248424622
0.518352403612372	0.490153238201961	0.344255181423821	0.309580744672615	0.547946214888507
0.461061984104971	0.441454014603514	0.486307785108731	0.512746489008932	0.527923653684637
0.493858836713429	0.534513313157151	0.452225287516664	0.414294338106665	0.550645829750355
0.575409803602813	0.634246875528858	0.633886475423195	0.582657939510188	0.547912085459279
0.468223624958521	0.427910126077131	0.436597624227509	0.383756842341282	0.559023229673786
0.621272150167919	0.726284031718419	0.669450650860628	0.619170797541016	0.554521669979296
0.458763946939892	0.492482478994419	0.539298563106849	0.481180511686375	0.551812511895378
0.462446752690944	0.430948496398034	0.133950337670697	0.120792584319196	0.558639125389869
0.519155700353796	0.556189803860267	0.61652305842808	0.553642966962187	0.551911369245014
0.577028059851065	0.659208199526844	0.571235799898868	0.593188866407221	0.526462142563358
0.605522746144434	0.764651256833307	0.519606359697851	0.555326107160374	0.522696057786118
0.49211311248568	0.500932949151758	0.703185134577288	0.61796991273533	0.560930393060749
0.491786811139872	0.488780287735525	0.494733155565881	0.442109181806623	0.552302606556584
0.599549029045488	0.671335697181932	0.757587134285752	0.705286100148447	0.540941605835757
0.46711959969583	0.492532351320435	0.479762757058919	0.51311288994434	0.525901272029747
0.561840972276017	0.627677526517949	0.606386072678222	0.543092648302736	0.558639125389869
0.503976371068714	0.484999324620992	0.341013605692485	0.309282790372166	0.543131381429203
0.509065794320186	0.518686659715757	0.125213239114983	0.111365204770498	0.557584822072002
0.489726791659633	0.536352250039761	0.520255050594807	0.463725908739709	0.554750359061914
0.545965562500149	0.56838452791781	0.417640891926745	0.372910346898409	0.553895986798891
0.548820341776483	0.616546648035648	0.740437607208624	0.682649857721599	0.553275114726364
0.513026626651317	0.548220976803818	0.48957222816693	0.520124031585445	0.526462142563358
0.590823099281962	0.708108200725263	1.02739999640433	0.936639674703994	0.554521669979296
0.529418197478752	0.564718171298294	0.511926426475775	0.47515293621913	0.546494141275025
0.510624774254774	0.520599426553998	0.320634850471409	0.284406051963363	0.561153995757714
0.444727989525478	0.441687215838558	0.351803366042623	0.316804400702976	0.546382433293802
0.546336888651864	0.596053325804719	0.67521928678258	0.616898415270439	0.556088466985464
0.666627997193149	1.10641799985668	0.483218142806774	0.539401470869509	0.514881067314304
0.49796010171815	0.529404234107294	0.653320273041438	0.585545905678055	0.553895986798891
0.606080557654038	0.734259267605883	0.941898523810254	0.882463530916399	0.542439936937771
0.453917536871179	0.445835701918998	0.551233314064796	0.485388087860288	0.554521669979296
0.491208926927954	0.486224292659447	0.515049370213884	0.468282311634057	0.544890062510223
0.604093811346956	0.76998252340189	0.781935774056256	0.715916371479462	0.554750359061914
0.54055895602637	0.618827670020157	0.604041712173277	0.562520344764988	0.544402692699929
0.583665606718192	0.620205413983423	0.63249001973843	0.577031632615162	0.543390983003582
0.512287238392658	0.510567636479255	0.387950372009636	0.341481684575393	0.557584822072002
0.429496654397753	0.404895056111262	0.248361894978543	0.217955456079729	0.558639125389869
0.482064968762145	0.548224121250599	0.521602935549864	0.472259040101229	0.55049840070813
0.512128793495737	0.571089477802579	1.11708369619055	0.980517014409602	0.55563378633737
0.439269630796941	0.419148353766799	0.40813965053389	0.36346625991363	0.547946214888507
0.530495721361818	0.536222935855417	0.271236478530865	0.236585191666509	0.553853850105552
0.499894179175195	0.502736233124348	0.328051292285827	0.292569538968839	0.553199526881692
0.420829186806139	0.353714341440727	0.294385388726621	0.256617513484406	0.551499576128346
0.544029230731044	0.657588837173041	0.54200610686728	0.568372137816424	0.525776647522227
0.488508691719573	0.488815268538551	0.437739435566803	0.497423498900128	0.517412096010608
0.493629811898337	0.55172699812484	0.49780194659491	0.529193439559964	0.525776647522227
0.477602182014793	0.520701102803062	0.48829042853712	0.52054204155449	0.525901272029747
0.499846932274593	0.507751769931598	0.500130756684397	0.449815762870669	0.546494141275025
0.513937000716019	0.475974676670466	0.0278773576175577	0.026201661201332	0.55563378633737
0.667355832028945	0.774418844129691	0.776163532509356	0.724928998026314	0.546098620762141
0.494262360950342	0.462434659149762	0.0738557702889392	0.0675012497595891	0.553275114726364
0.541184387177485	0.605124154463707	0.587000915616981	0.538005751265492	0.549420075523522
0.590964898057289	0.681307270487424	0.0828778520099314	0.076673063442767	0.557584822072002
0.475207497565429	0.463759549679571	0.45663201628688	0.41587572925548	0.539574905631806
0.531536241226765	0.598113959431751	0.427890636123062	0.393807972161043	0.551612252119523
0.491268544909426	0.505024898056264	0.365111330906151	0.327582520898285	0.552302606556584
0.507951366389037	0.526486219168697	0.475162753543747	0.529150531022695	0.51684213486227
0.503940132956305	0.531231085045231	0.642498698399328	0.579894193281586	0.55028376065659
0.434768748754882	0.40353791722231	0.514909841345369	0.464110324441925	0.546487750305797
0.506255482393762	0.519014672093242	0.686194080126562	0.607980089937906	0.559752426533746
0.47038665181601	0.48043125210076	0.586701175544287	0.499737837907301	0.56350708080667
0.619893591578691	0.701394095675555	0.410946099669479	0.380537397102333	0.552402114432909
0.492041625854937	0.519841339322078	0.465778839952525	0.522577074590307	0.516233037400826
0.508371481985563	0.585918221438406	0.477049372586541	0.520549932545148	0.521870047665536
0.5063600434669	0.520548960658789	0.340747057534467	0.304933404169027	0.549327181227462
0.489072706582662	0.549911357606008	0.506603771914139	0.459181534408964	0.558639125389869
0.539282692777879	0.567176395548561	0.455775068711188	0.409392848944897	0.551612252119523
0.680358475201567	0.797511685687736	0.831223164084674	0.780776540597517	0.546113007963114
0.646910251037236	0.781759405839351	1.18683677261651	1.09594691212261	0.556584518150893
0.640813341423587	0.662500700342531	0.441282647241107	0.402779780494262	0.546113007963114
0.541957424212033	0.614151613351858	0.697625127073226	0.645011111355008	0.547912085459279
0.463721326169671	0.452671785001314	0.492107139911183	0.544338624434454	0.516233037400826
0.45032115670054	0.457325626227253	0.420134090830496	0.370556062462598	0.553486364153921
0.552303759421822	0.587123655998617	0.507544816760436	0.46290614168751	0.549420075523522
0.464658855756233	0.493629512791537	0.531646095166178	0.576613747883212	0.51684213486227
0.541525262627951	0.636193750346964	0.59824440975545	0.619836710520302	0.525513265939255
0.463750029162068	0.441872177136117	0.416307244943462	0.375146628815691	0.544696057605311
0.530770293420675	0.587529067483829	0.543457168696835	0.566416090442187	0.527103745092493
0.525776864320943	0.521291266804836	0.262977677299473	0.236228828048616	0.55028376065659
0.566320867419872	0.643770299433874	0.565640646504097	0.526298326021642	0.546382433293802
0.547513525475462	0.613963591729084	0.711270649293506	0.638984382740996	0.554521669979296
0.558692539247222	0.610797719073039	0.386201697219056	0.356049583492501	0.545570886895008
0.492154238014455	0.561800930579771	0.537289057606837	0.558055080885802	0.528087292624469
0.530746929909311	0.500831437561438	0.166756086996083	0.144781881474044	0.562179480938369
0.454661395408716	0.429682030216894	0.46812424352365	0.409011252853618	0.557209887646797
0.52255142861775	0.577503979868866	0.609605415233251	0.559224313723027	0.547946214888507
0.588890366760077	0.768367950792248	1.26482158290778	1.15915924647856	0.554521669979296
0.603528750120971	0.723975891938275	0.876481916907438	0.792683607672455	0.557584822072002
0.639926107399572	0.738003084461844	0.777991341542848	0.711785473338226	0.552402114432909
0.577230523235239	0.64502314768664	0.832221637440052	0.76648344793098	0.548366339208483
0.552177810864748	0.559571742636933	0.498492266330447	0.448036263779925	0.556088466985464
0.587198633722936	0.652895708189907	0.60220101717728	0.627340116882261	0.523412907059057
0.498509397031495	0.501326538435485	0.339014263163466	0.31632119972271	0.543404048253195
0.560843699068565	0.62471322002598	0.523256293900121	0.549671611615184	0.526563148333194
0.416633305564474	0.384709625558204	0.13676973467488	0.121547623039361	0.548257693389133
0.537339705420718	0.565934073923489	0.663447203039045	0.604488142066161	0.54675171320742
0.552472700405062	0.609866324942171	0.651032822216111	0.591862806522293	0.548366339208483
0.576002834918285	0.633372240491668	0.693109043897772	0.637869034690363	0.545570886895008
0.520519241417749	0.544819328425503	0.356073737173892	0.316077371106584	0.554728689447666
0.600405786171629	0.668580344214267	0.661924144240534	0.622533288970339	0.537927349003522
0.562648672622099	0.603191764123938	0.681132852268603	0.618743583462785	0.550524356087047
0.487636903052528	0.469105301508626	0.537784953499504	0.490404516465101	0.552620472826294
0.523571279634507	0.547113141717243	0.515130753431413	0.471626189557712	0.54302532395144
0.442190097121427	0.45522370990404	0.519591569906799	0.542010524713932	0.528087292624469
0.50566732527851	0.534551597756731	0.658430831615238	0.596797767695204	0.547946214888507
0.484143204326614	0.48694412539446	0.480914389370692	0.513148789076899	0.52624947920195
0.490927866522121	0.524686088826288	0.553330787880704	0.493736530184021	0.557584822072002
0.458668788728019	0.451220183879627	0.498586757946429	0.532827556983332	0.52459106273317
0.527153653585695	0.594355199002812	0.503571759371439	0.53393896700683	0.525901272029747
0.517107154626786	0.539361294266699	0.474771570569807	0.433315542431753	0.546113007963114
0.48595894585163	0.455250550411564	0.274143231651518	0.242446804304525	0.554750359061914
0.648398041757094	0.77355923755636	0.806486097548436	0.750491722704511	0.553041708580805
0.459153223869182	0.406006733164808	0.507482340500013	0.540996951306675	0.524414820732427
0.561177591002648	0.705724418198736	0.532059900391604	0.562591823793968	0.524414820732427
0.58296030683295	0.711443067645722	0.295839296033789	0.27328394324813	0.556584518150893
0.619357296354601	0.83444735822996	0.561758365198592	0.593385684454103	0.522158897646525
0.476325346226153	0.487204372030316	0.442196601090213	0.402358668468479	0.543390983003582
0.509944802755819	0.530985672341648	0.497535578047963	0.453372186578365	0.543131381429203
0.468978170917214	0.458336489259591	0.462596800703291	0.424272234368088	0.539233437202116
0.515356655098095	0.565308765311125	0.548024360073651	0.572929571155874	0.526137487751097
0.398881435532243	0.33440374646651	0.457652577881432	0.514754353106888	0.51684213486227
0.510115466279155	0.548426242587168	0.495575317406605	0.458093488569601	0.548048956109309
0.492046817674007	0.502741020909205	0.493403472045381	0.531079696072701	0.523412907059057
0.48792158126837	0.4985428633982	0.374591102697765	0.337723505003499	0.553486364153921
0.500344676226679	0.513282974115524	0.512700743516172	0.457749597249084	0.553486364153921
0.467595214308826	0.435940562663112	0.525378271562406	0.469579322801534	0.550082796778925
0.500079927967058	0.533805249530815	0.458344347965778	0.417323533038654	0.546494141275025
0.453932487413359	0.454866192304075	0.421874547110304	0.377939015523149	0.551263854508987
0.421764518549454	0.328867936932473	0.475510893340704	0.520602698398123	0.521246857208647
0.487180359095946	0.466807200682562	0.499695615663493	0.558766294485541	0.511490953728605
0.468971293493387	0.475882885030504	0.462201444948099	0.530028527289496	0.510458573143709
0.509235666749577	0.524609366646511	0.419549316381545	0.383726165883279	0.539410152944096
0.526874671403751	0.611596596744507	0.339458935385419	0.30413538935629	0.558639125389869
0.538182760206687	0.577114222447644	0.551150492075696	0.507263905557394	0.543404048253195
0.445395370260535	0.392585461513206	0.292316817218105	0.257606947665275	0.547946214888507
0.515900170218868	0.530404716604438	0.515348700926689	0.464774386492407	0.545722692800331
0.478270812502834	0.473577026822774	0.525045857798187	0.472500056462381	0.548440631543976
0.458145990646829	0.50535788119856	0.494509069082906	0.532545977976269	0.523184815941367
0.486139783688008	0.502051013893405	0.398739169329366	0.358518852000412	0.551263854508987
0.485872263441691	0.451775553488896	0.283251372692005	0.250938032409818	0.546098620762141
0.545194241136289	0.684032329024727	0.577166446202551	0.611856390844327	0.519364734392739
0.4323993917574	0.361477129087306	0.451726667060461	0.490848729698489	0.52522940108566
0.564898792287039	0.631812589347993	0.666158291605181	0.600670373346095	0.558639125389869
0.507661146385868	0.640125156691518	0.517247279506255	0.552244642701243	0.523184815941367
0.527278817822574	0.58899148171626	0.484957549621723	0.527260294844414	0.521870047665536
0.441934681475488	0.416934033650422	0.270367619362437	0.241065143179264	0.55028376065659
0.529533801809809	0.620200331787426	0.561701194040882	0.502724173059856	0.556584518150893
0.545898764788496	0.593598004371485	0.616404891726154	0.560772819732524	0.552402114432909
0.49681548429767	0.495388261024269	0.484531426816771	0.438614106633849	0.54577003074369
0.633692645140615	0.710011788372069	0.595827562305823	0.557053320839026	0.544325068541353
0.49599782169574	0.466530454301768	0.332322363370092	0.299281359796161	0.551911369245014
0.536396441904521	0.622847517880109	0.998335041829683	0.867557114747688	0.560930393060749
0.567176975534309	0.631854726292386	0.548928365488174	0.492814504978632	0.561153995757714
0.572781682494666	0.637824903883503	0.582603250897909	0.532928771428894	0.546595148877602
0.591130351647093	0.649255938518277	0.675466658928765	0.616484879005953	0.557584822072002
0.582100087224208	0.697259253425368	0.558341901682386	0.581240764843434	0.526563148333194
0.54258657625057	0.626610760894271	0.567462884331658	0.588236132332826	0.527103745092493
0.502655081510617	0.491439623586277	0.540192505558502	0.48892083584167	0.553077368336304
0.516194104641703	0.485038105308915	0.574164161860679	0.602091342161834	0.523412907059057
0.542165975352531	0.589772923242976	0.249533899794014	0.222528587050056	0.56350708080667
0.616207294177138	0.716589172573502	0.847855811100712	0.794600921074589	0.542228917757359
0.594516899492202	0.658617734991054	0.632279375985115	0.58540201687705	0.543390983003582
0.565564089128147	0.632473347226996	0.515763694672809	0.54908831364958	0.524039608246999
0.485686921711625	0.503691518065481	0.57318152880583	0.517159879674846	0.547452263349479
0.498592672046828	0.562047782783351	0.542815751747572	0.568523251090061	0.526021483340938
0.55267317185117	0.60906544494389	0.593688979212626	0.541148376192659	0.553895986798891
0.508959875635602	0.630798230118793	0.500362521123051	0.560990995964748	0.510458573143709
0.452819328477586	0.43979123704793	0.482673509508445	0.511455670623213	0.527337496843353
0.585532234062395	0.614954473276512	0.487392370351159	0.449489225563065	0.540741884282919
0.57380730527414	0.640796078504709	0.516513455847723	0.476938170709677	0.549420075523522
0.560754777440167	0.626236096746454	0.661663736335451	0.598813840598789	0.559023229673786
0.462100005846352	0.463790355802925	0.485761001445671	0.430146579879525	0.55563378633737
0.570398811329183	0.636457400961837	0.726086498942501	0.658616508468551	0.550791138744376
0.439345533907854	0.397261731984426	0.448099368297252	0.388394464924929	0.552302606556584
0.524951147100352	0.618335720827091	0.578039742286877	0.530887480048243	0.558639125389869
0.565500077281506	0.632313997682864	0.79529863358012	0.715535588631712	0.558639125389869
0.54558345242664	0.619904569044409	1.07638945961277	0.987656435325008	0.551499576128346
0.460444765030923	0.442661918180323	0.32361381864609	0.290062661368927	0.548293578793632
0.521296268134363	0.552414041367166	0.489082403254606	0.442545695367243	0.553199526881692
0.441845256110919	0.383053504039146	0.211433997806875	0.189547986168907	0.546494141275025
0.488981642179437	0.503074180821704	0.538053237265609	0.485352378912877	0.547645655127624
0.622452406605771	0.715283502139744	0.593761143959146	0.611327912799097	0.527550594131863
0.480145209240788	0.497304700527045	0.505253785958464	0.529641522821353	0.527923653684637
0.517818815250647	0.549517206149454	0.505827884681155	0.453625435223346	0.553275114726364
0.480635527876736	0.508860568284339	0.670567445631557	0.600082920432286	0.551911369245014
0.431055288038146	0.385778040472335	0.383311230805159	0.343194325192677	0.546098620762141
0.530984780269517	0.583294934374761	0.343577329434633	0.312319452499271	0.55810248424622
0.466864738958526	0.475928473098371	0.485985434195142	0.513698471336348	0.527550594131863
0.508552311902668	0.502774590863393	0.420470794101096	0.385079713745698	0.542104204996373
0.521617287676106	0.576736118005473	0.583550697145338	0.540438014547763	0.548635451738003
0.550032481120334	0.584907520876128	0.652175862279199	0.601532650729188	0.545570886895008
0.49862754396088	0.532145028870384	0.58822346754052	0.541557477359886	0.538934100968756
0.598870838044148	0.804339927752179	0.542427388252562	0.583108407857249	0.518448173844153
0.532108791743452	0.523118768747032	0.167880750856531	0.151051209378813	0.545386327916495
0.51518486313013	0.56204506631043	0.653398094332161	0.58850839408003	0.553077368336304
0.54058763914953	0.590795028295826	0.635631105700014	0.575407865796354	0.549420075523522
0.527075279791368	0.592046344641562	0.547557467796015	0.5722440029922	0.52624947920195
0.496417285594035	0.505049308481269	0.461030608538773	0.414862384491602	0.553199526881692
0.514736054073491	0.543139246853843	0.561923496625313	0.501893807240437	0.547589340521879
0.497566538274229	0.515161283797216	0.551752668434711	0.496840574088555	0.546098620762141
0.542763100504798	0.583884326149231	0.605011859052721	0.555862071498684	0.544321497895929
0.378920783048005	0.247464305269521	0.409052221910225	0.464957635501772	0.521566395157487
0.535559755083275	0.608689799319258	0.528750481916516	0.563301676039749	0.522696057786118
0.524618718461112	0.516678147438046	0.275086458324077	0.246522785041802	0.556088466985464
0.522064314749038	0.568616865995979	0.533972088524025	0.478997799454782	0.548293578793632
0.451871462851053	0.435414206171206	0.14959064213045	0.133160634778072	0.54675171320742
0.556389117656536	0.586625641249146	0.601628859031095	0.553424092842534	0.539375977984428
0.501350827626026	0.519199354956879	0.541215060889502	0.480239098620588	0.553199526881692
0.521992460029345	0.591137489239111	0.528350728541176	0.484075788776872	0.548366339208483
0.55584926187429	0.596670548826744	0.545515958065451	0.502259708710777	0.547946214888507
0.498504799581356	0.549735711528657	0.690526249758944	0.632117737287012	0.546494141275025
0.479684005020408	0.524089698683659	0.730562992715996	0.643282890274752	0.559023229673786
0.48055238410879	0.501579679376351	0.476463632816193	0.425524834566498	0.562179480938369
0.487013718614246	0.450771724108987	0.538709427394191	0.480920951663856	0.554728689447666
0.599915961645325	0.704577745369219	0.485853119814042	0.452947947122863	0.551812511895378
0.539258198621906	0.622236293772217	0.549771973548479	0.575337564765848	0.525776647522227
0.452512029976135	0.452201540895745	0.461082333296789	0.513429665641211	0.5189201310748
0.627760213001033	0.7307301113245	0.660487145939384	0.611005871067692	0.553077368336304
0.564799733641968	0.623945517833806	0.541492704778056	0.569499360903205	0.52507910886314
0.565677988704058	0.707036596834377	0.555894926046011	0.58930034767633	0.521566395157487
0.544443014248861	0.581799420938282	0.748039030354164	0.669489473732092	0.554728689447666
0.535090998842748	0.566056086259621	0.513173088669391	0.452409226250068	0.562179480938369
0.530190553256954	0.58240107205676	0.780742555888523	0.707780524740129	0.557795963321143
0.550219394483663	0.607615064359009	0.611097514329571	0.570674284383963	0.545570886895008
0.551599905950998	0.601491733048558	0.662405373405712	0.589642575736818	0.557795963321143
0.466194795317328	0.442051463474486	0.49417419798919	0.522322781998069	0.527103745092493
0.490671038378895	0.503996535957875	0.613463931702178	0.551016945044059	0.549467314022794
0.507477390322454	0.521457743081283	0.537974956570571	0.569934454264089	0.523412907059057
0.488997544832606	0.44778639012439	0.532568909081748	0.561915419506169	0.5249228434797
0.516279545298611	0.543644966150733	0.50794050812197	0.464257657670372	0.542439936937771
0.481137557271704	0.496001866589093	0.50274110324988	0.460245007561134	0.544696057605311
0.433943969799533	0.400383897741315	0.304720975641408	0.278591327121929	0.545019659605606
0.448882463647539	0.469041735682111	0.559111540094399	0.510942545744689	0.546595148877602
0.527964664599351	0.594476645446225	0.446706998172683	0.490830029083623	0.523631015086528
0.557592408512638	0.591342445569251	0.571802589627944	0.519444933860872	0.547946214888507
0.470114103072313	0.472074813889894	0.553091581854019	0.487342731330726	0.549467314022794
0.503967982531111	0.532574443409076	0.536800457018227	0.56040318687191	0.527103745092493
0.452430341978118	0.442030094918339	0.274953142515998	0.253312840985033	0.546494141275025
0.51748732775132	0.57196845037812	0.617103733552065	0.571011485472718	0.547589340521879
0.541273441296595	0.600609687121753	0.738680950289533	0.684888775945812	0.544402692699929
0.562033842476183	0.613443374929785	0.545636379359507	0.496786785523876	0.549467314022794
0.51521203761228	0.510329183882211	0.466563446405602	0.41650790949918	0.546494141275025
0.504101596905767	0.53322172635165	0.494587490840262	0.525115637751439	0.52624947920195
0.436440904911289	0.432697508644282	0.281472070008979	0.250176481495216	0.552402114432909
0.666048133908387	0.783883819893742	0.866258572891605	0.808793309058994	0.546098620762141
0.547023951097711	0.570473775290523	0.480587845381273	0.440712905364893	0.538293290143628
0.546012035830987	0.602487536545671	0.703019964288165	0.635986742313544	0.550645829750355
0.555011316172209	0.579075267797884	0.655099248453261	0.5946208082437	0.543131381429203
0.507341119966023	0.565957899349771	0.468886834407483	0.508100230039999	0.524231147721427
0.501871375019473	0.536963685173822	0.623972223290637	0.563334731188543	0.552402114432909
0.45734608783382	0.480351037033745	0.534409510048233	0.557612856364901	0.527337496843353
0.494699175391855	0.509273019713575	0.512365925167966	0.464038871457323	0.546494141275025
0.619826525576134	0.702360812493294	0.404140990084188	0.369009066099399	0.561153995757714
0.5231824317862	0.578208985109849	0.524404865028059	0.558990988474968	0.52294609888958
0.596610170603323	0.769771821292234	0.644611023090648	0.665349417390069	0.523839732922601
0.484354182878405	0.512495878866594	0.487242183534145	0.436927871248407	0.557209887646797
0.43033327799976	0.435939148567174	0.395949615640639	0.360719112479443	0.539574905631806
0.472226802505573	0.499610977753445	0.803876089036759	0.706336832712282	0.55563378633737
0.470091063621104	0.489585128308641	0.475960858179936	0.5035871931583	0.527923653684637
0.51586405997643	0.571819156472874	0.498586855875848	0.451009885173624	0.55810248424622
0.546851738477181	0.575843946206781	0.572899411846898	0.527274419322125	0.540475558870087
0.452819933145784	0.389298559676452	0.410319073632371	0.367620101003435	0.556088466985464
0.465809817799061	0.421740623048879	0.368006516238509	0.327362356943257	0.556353045275463
0.593508148341399	0.76645884504076	0.520803234107994	0.563682101069125	0.5189201310748
0.510156575222979	0.522430699018939	0.361249698111823	0.324968523371369	0.553199526881692
0.406711628216244	0.25236293702691	0.431379008462592	0.473224580767263	0.525374025113182
0.512405658604322	0.630012569272082	1.02885303765718	0.921819406621636	0.560930393060749
0.47508448866422	0.466227475042742	0.494570353293858	0.524804545630983	0.526357640184358
0.506497243287158	0.544059156290344	0.45545127844441	0.406550881661431	0.55563378633737
0.486357667589494	0.515181730577928	0.502995534447315	0.535128090290064	0.52522940108566
0.605878032489498	0.697623383179281	0.864642647084686	0.788413019404027	0.550082796778925
0.537528070316379	0.557639306373607	0.527601084836512	0.481734862106017	0.545570886895008
0.56996118742155	0.663439615476532	0.669571884647527	0.602021388878624	0.556088466985464
0.519807556391869	0.544824604704397	0.364703610799887	0.327183509545177	0.553853850105552
0.533650211889394	0.554546957092721	0.520946428024151	0.457463893824188	0.559023229673786
0.479115183368688	0.506939309073575	0.496623096532749	0.526042090920143	0.526563148333194
0.492992524861705	0.523116197525332	0.643084245301588	0.585208069503911	0.550182023857801
0.497614217051078	0.52368594423867	0.536891280414257	0.496326698032013	0.539262655960515
0.529571956151833	0.563067653830799	0.751981023958928	0.664289229703211	0.562179480938369
0.586299641512466	0.672611665701204	0.778200324426652	0.717307320505255	0.545019659605606
0.499847137340922	0.525543076965719	0.530628894498527	0.475606549873529	0.553853850105552
0.46267053072251	0.431570697848266	0.389114623063265	0.342491347267165	0.55810248424622
0.509432149241997	0.505972687329542	0.229871644486619	0.20470287112082	0.554750359061914
0.482132993742537	0.429137671872526	0.490268388055142	0.524398010900766	0.52507910886314
0.503700729244497	0.544021572902766	0.622364489974195	0.560474029045024	0.549357036289163
0.487841913247178	0.495712434760956	0.542520453036489	0.564948040206602	0.527337496843353
0.503165624269272	0.553839741753541	0.794800284974398	0.7049702330943	0.555551539830734
0.544573078603928	0.630699229262734	0.59881571127911	0.625984086713434	0.522433933216851
0.523186165800877	0.551470570569359	0.583840903463463	0.526943384378846	0.545969827595227
0.54067167412832	0.594303421575608	0.250060543133842	0.228984743890365	0.553853850105552
0.497671920633291	0.536344338865509	0.831484405576432	0.712399235046913	0.56350708080667
0.597151377959817	0.699944515354954	0.676330625040517	0.632074349520034	0.55028376065659
0.518899964553194	0.556760932179916	0.571251706808039	0.523876936318408	0.545086373972636
0.624273489169301	0.709233257657577	0.389077451286388	0.352661760520533	0.556353045275463
0.546070878435158	0.602297369490052	0.576300952801673	0.602083237406449	0.524414820732427
0.519354852002499	0.565248064567045	0.570694885227342	0.515944318402357	0.553199526881692
0.473935761726191	0.52166081824423	0.534268465102017	0.484388417433038	0.55028376065659
0.526771372003991	0.539932742310794	0.484348177615043	0.436177432223076	0.547452263349479
0.506759710536211	0.594785070111608	0.570245053719609	0.608103334273444	0.517946411642854
0.522376086768549	0.526195127444321	0.287408633888324	0.258080774484357	0.553275114726364
0.594672906673474	0.803775095826262	0.577811114915003	0.609829556096248	0.520910244545655
0.412180425887196	0.325667354890165	0.445821476626771	0.386251424073005	0.55563378633737
0.538345358403893	0.617830300030033	0.559673707663266	0.583702529051395	0.526021483340938
0.530493074661943	0.585497843266732	0.422730302963164	0.389356172282659	0.548971614619562
0.612975936097373	0.73087733254213	0.602043834260315	0.556389762308547	0.556088466985464
0.492014002556819	0.526596755592542	0.307718198267614	0.285749778712316	0.545386327916495
0.471082285373304	0.487513104382511	0.523061227881237	0.463532341073107	0.556088466985464
0.491380522862904	0.527392707628977	0.614515109488489	0.550022849462219	0.553895986798891
0.545030326695946	0.64509756613796	0.49095943522879	0.5471161923202	0.514128554714838
0.518139041594393	0.525136521519242	0.380186991692538	0.339256661133063	0.562179480938369
0.484685602741167	0.445859259718032	0.401116130622579	0.361188892035621	0.546595148877602
0.52735283882819	0.574772201296108	0.474428726763376	0.434477578081952	0.546853262084799
0.487358487726277	0.511137267130436	0.560776560694467	0.509576299456625	0.546595148877602
0.49497725087889	0.531901018963908	0.507649981999963	0.456561616121975	0.558639125389869
0.499245323279819	0.507827374967589	0.447976663400153	0.408163659646569	0.542742154512044
0.478111107742957	0.482599944087631	0.243331604009922	0.215190215177349	0.551612252119523
0.502719782496676	0.536030543745113	0.535632913224556	0.474357025060901	0.55049840070813
0.476768733157562	0.487126478784657	0.260758889803482	0.233062576072952	0.544402692699929
0.453435074342524	0.367943516667282	0.170491907783542	0.152098036592072	0.561153995757714
0.548322789240727	0.582571659191152	0.563003669684785	0.514293474911667	0.543131381429203
0.506928720233625	0.532132261214823	0.537992500095456	0.482239091733641	0.558639125389869
0.555854495859007	0.617856180643442	0.553987895815745	0.582450353114175	0.524231147721427
0.580086119907898	0.67820832881151	0.617096666727948	0.635496502439108	0.526357640184358
0.434443506482592	0.406104792340128	0.419835863870752	0.474475135466273	0.521246857208647
0.530374666775064	0.51683047450309	0.516502976129288	0.548100683446552	0.524760278233393
0.53164961355648	0.59858402657902	0.645868427125633	0.57796055499445	0.556088466985464
0.598837922921202	0.689402499896014	0.592363199472129	0.608302958046013	0.528237724820117
0.55689860302924	0.700329895459977	0.629992430110354	0.657118013310249	0.52055524824549
0.478282131577865	0.46550732089422	0.362326672054012	0.326021878135705	0.549420075523522
0.424833535203651	0.397367166979527	0.539955778271727	0.475559168518928	0.547912085459279
0.5078146032819	0.519375081651084	0.326017598678791	0.292594634268731	0.552620472826294
0.568231208419912	0.61389721677059	0.654067312455085	0.59555061446579	0.549501681365382
0.568045489295029	0.673852710986551	0.519270088486265	0.551733697906927	0.524231147721427
0.566833645218687	0.579803568960763	0.553436530319134	0.4920700411132	0.545570886895008
0.580496497199361	0.662092030426164	0.593863585024831	0.54362558635363	0.553853850105552
0.529795961166011	0.606091322439068	0.557971997421758	0.520180891305786	0.55028376065659
0.50172872584724	0.502993618528144	0.449650351511681	0.399380763843428	0.559023229673786
0.541948916822009	0.571046419131059	0.560498929510531	0.511019616526842	0.541111563821482
0.499724208631404	0.577211178819108	0.575907667429222	0.593901367523375	0.527923653684637
0.422071034483378	0.324763500593292	0.446346383731058	0.48757109916698	0.524760278233393
0.495889856041945	0.504426807308045	0.466941394076323	0.430922769883806	0.539123943511656
0.665419832109914	0.812978441275	0.539483032628686	0.56553529436505	0.526021483340938
0.608399113752274	0.689418829820247	0.637016871825192	0.56558756402377	0.553853850105552
0.56367133568867	0.675665792957271	0.576622547073248	0.596615375738302	0.527103745092493
0.513544009355813	0.548763203390136	0.44076719207124	0.480741114156549	0.525513265939255
0.553351846666501	0.544336540466842	0.515256173338176	0.553858010711953	0.521566395157487
0.523728921694778	0.534960330806702	0.559601686980271	0.495798071882685	0.550645829750355
0.569539889902276	0.614867360433844	0.97287945937981	0.879484151145146	0.548257693389133
0.402103182712143	0.340786809784937	0.0472194952391317	0.0424423745021943	0.556584518150893
0.526427426002298	0.576376089246033	0.465690546304738	0.508495851151751	0.52294609888958
0.500160494105342	0.552514456908512	0.677648615413244	0.613453801572879	0.549327181227462
0.531082825987676	0.559679419969969	0.716820344377407	0.647286695515851	0.550524356087047
0.498800317106784	0.520001111502436	0.570989165362458	0.515179332807792	0.551263854508987
0.476057208595597	0.470499098367064	0.433282969644561	0.393202757901568	0.545019659605606
0.470575814509948	0.455292686780723	0.363133862200276	0.331525750704623	0.542439936937771
0.491074446080886	0.53556823737746	0.532329548904747	0.470904900870253	0.55810248424622
0.607689987024603	0.66457954997625	0.551493066741605	0.512571659360898	0.545086373972636
0.401329310711053	0.336016232142851	0.346628621142402	0.307012575906891	0.546487750305797
0.450370237747106	0.474797904326411	-0.0280976411124814	-0.0232155639124445	0.556584518150893
0.466332817671734	0.455038537570762	0.493665709176729	0.523719961739551	0.526462142563358
0.529669775928989	0.614078866060236	0.527267875461789	0.552514522062674	0.526846672002587
0.494131838954243	0.516181104994269	0.406631014695347	0.373193621818001	0.551263854508987
0.563075375445141	0.598772974406971	0.487319591612419	0.440894209805975	0.553486364153921
0.572985575543283	0.700978335012529	0.611599303654839	0.639993174138831	0.520910244545655
0.544784671790244	0.674635015777982	0.578974819933323	0.612096764637393	0.520180424409574
0.482326817502193	0.512198588552027	-0.0588632811113783	-0.0507037584161867	0.562179480938369
0.572254279731288	0.644283772566158	0.772706088770792	0.703595934856831	0.553853850105552
0.49261520585242	0.505458777908489	0.504712579049185	0.449996267922086	0.550182023857801
0.55874394128803	0.624387740622491	0.781772858553197	0.71173836152744	0.547645655127624
0.535658150814312	0.503895426978405	0.20694087429843	0.176793121206781	0.55810248424622
0.455033873982799	0.420219104694821	0.481727266969482	0.425658180363348	0.553077368336304
0.500857497562272	0.550903614723974	0.57804158977197	0.52523307974886	0.544405694957851
0.507297312383085	0.48031344858497	0.364419021348498	0.322718105498363	0.555551539830734
0.488020047194603	0.473205367102017	0.262027283953618	0.23020058880224	0.552402114432909
0.543499036736575	0.583073817584558	0.466114071692488	0.426368236949811	0.549357036289163
0.503443650588369	0.521809503657312	0.663236360890185	0.602373563318558	0.549420075523522
0.488496973404906	0.508602368009466	0.52962574583344	0.473591741071637	0.553486364153921
0.559199428387774	0.577136810889548	0.266185235206693	0.240234005376352	0.553486364153921
0.486250189873526	0.511668711915075	0.581794770737009	0.524929187635145	0.551812511895378
0.579663126118866	0.636709676416806	0.400040094132721	0.369772968755993	0.551612252119523
0.510081034217674	0.552257319307873	0.243385933256602	0.225841446265348	0.548366339208483
0.518207501730058	0.558850060189249	0.567073457031419	0.51577407701191	0.551911369245014
0.462167765208801	0.436897896949024	0.293453403769313	0.261556825805445	0.554521669979296
0.484739676488623	0.560667654076587	0.504746158348937	0.534972897215036	0.525901272029747
0.580283009094201	0.662043991812715	0.665149184849004	0.605380865164886	0.556353045275463
0.5399660515292	0.564401499990579	0.471187715065722	0.420633863355023	0.556353045275463
0.526953772068382	0.578719008883132	1.11392860115707	0.978026307581035	0.560930393060749
0.563924565966524	0.63939192178044	0.521145213857396	0.55516075903149	0.523412907059057
0.563167217981958	0.609862958717363	0.516239738266108	0.47629526170237	0.552302606556584
0.553112427187876	0.623791994516322	0.68667495426939	0.637921446658781	0.545086373972636
0.460759839315713	0.479350052483746	0.391546281262537	0.347459277415173	0.556584518150893
0.468969872764741	0.485707453223074	0.425431400091275	0.383967658019272	0.546899585612746
0.568141355389476	0.621432458393779	0.619261086247575	0.55009835285126	0.562179480938369
0.453495458231565	0.462685181153213	0.54552034870028	0.49226611678572	0.541111563821482
0.522932946081315	0.534738002681344	0.406713549895674	0.368628388453655	0.55810248424622
0.504703991224556	0.491853122252046	0.361841259997563	0.325355087223375	0.549357036289163
0.547096925374415	0.580129282743051	0.502685943820926	0.450159869817743	0.549420075523522
0.489774262672602	0.50490510583701	0.485586223944162	0.517538055444927	0.526137487751097
0.406611527999462	0.326514095710287	0.415171933944948	0.456918051857446	0.52624947920195
0.504171144376412	0.562242621329537	0.459229497908056	0.418449844112516	0.548366339208483
0.503465888452718	0.541994063800445	0.586529588051001	0.540316530644526	0.539197809782398
0.570308384130162	0.612776935123275	0.541324339137487	0.568687189009924	0.525374025113182
0.503541180420879	0.452108184832442	0.192999234335806	0.175459998732945	0.552620472826294
0.548845146561797	0.677460104546976	0.52604291046526	0.569020306158152	0.518448173844153
0.484947233156411	0.498632113663153	0.432304138449092	0.386274659745486	0.550524356087047
0.49948252815708	0.521137668768329	0.439074435642717	0.390623850961079	0.556353045275463
0.449531168226855	0.396675303873083	0.482057972302526	0.517676250046548	0.5249228434797
0.545091444627943	0.609066361154747	0.536313909297174	0.486839352937777	0.547645655127624
0.412049481241182	0.362521079926536	0.137054316418781	0.122190754581693	0.55563378633737
0.569990486859413	0.63444936861671	0.721390660879048	0.646655142927785	0.553199526881692
0.557772257326765	0.705767016595715	0.580049593604515	0.607368246595092	0.523412907059057
0.432211651685903	0.313716837459398	0.474521997813025	0.511593325344877	0.524760278233393
0.44869656639655	0.345111906292177	0.457424904830369	0.504721757285181	0.521566395157487
0.415595423868473	0.359862779266944	0.43041632748315	0.465314897159962	0.527550594131863
0.385290153155674	0.350354083821635	0.443852725281365	0.505996921183007	0.515580848122444
0.524232481032559	0.526384697762661	0.518681174048627	0.550404454898557	0.52459106273317
0.540561052331378	0.574519200518878	0.52991077261148	0.478819830420061	0.546853262084799
0.459812469173228	0.451026910342538	0.507785674702063	0.543520636036014	0.523412907059057
0.478657109814242	0.550921436835268	0.408928828231918	0.470055957530166	0.519364734392739
0.570479911654871	0.648269005550123	0.754884574882884	0.704527321729913	0.540741884282919
0.553639577469327	0.629125635989545	0.884130520862982	0.794514891324517	0.554728689447666
0.466530488661213	0.389449458728436	0.301725316100261	0.265828900575027	0.554521669979296
0.498289824746743	0.518800117054871	0.487411096252265	0.513726034962211	0.527923653684637
0.546116013218908	0.634723190650309	0.535596805130134	0.491232558114262	0.553853850105552
0.501073822250558	0.503053403658134	0.375015236071037	0.334404374883755	0.556353045275463
0.465039202299774	0.49442847223579	0.58060315239857	0.521147570942284	0.548293578793632
0.556379407576294	0.571677157409119	0.45517548042757	0.411505003681755	0.547645655127624
0.537763910421677	0.640317089775343	0.727608014406738	0.660096796034291	0.556088466985464
0.490651808643644	0.505444721364591	0.432687474010271	0.392290106349227	0.54387421333004
0.556199855905137	0.561541096481132	0.40449520476199	0.363533254601045	0.54969508104467
0.539621230167708	0.595549700818791	0.49549697428977	0.45872631931306	0.549357036289163
0.499675947641773	0.522477271152009	0.516302332827401	0.459729573612747	0.558639125389869
0.488978362229528	0.415561669823916	0.107070764638406	0.0936843543568578	0.557584822072002
0.411498545602802	0.386884014600409	0.211205072260814	0.181706087315888	0.557584822072002
0.429548316367332	0.405944593885781	0.474640763067416	0.411250555241594	0.56350708080667
0.436233127353636	0.405672251120066	0.433123119358328	0.379677067583168	0.547645655127624
0.59328788050855	0.609670560548409	0.553156761070886	0.516110177797485	0.533818268721339
0.519808347865378	0.565308357964863	0.526401908869624	0.48817111512485	0.541643889052101
0.508696146510258	0.528403724512404	0.291636452007885	0.263508687344951	0.551911369245014
0.416163235190933	0.345789748193891	0.563718666230564	0.493553707103551	0.561153995757714
0.42303968199661	0.449199391579048	0.60928561572965	0.53733286088456	0.548971614619562
0.557796186797621	0.605075637649886	0.566700892212963	0.512526170811171	0.556584518150893
0.506659230511936	0.539942337504847	0.484694042940792	0.517404754869675	0.525901272029747
0.468672109327581	0.452352453805828	0.483539862488922	0.425292564201404	0.55028376065659
0.473000802621975	0.502267544914827	0.605119789785647	0.54287567388959	0.549501681365382
0.520126558123695	0.557969531181005	0.765378459113709	0.673488693527029	0.554750359061914
0.564735030576538	0.703538397450494	1.17701663307127	1.05100004952325	0.555551539830734
0.564627447584336	0.610799528674624	0.621184458493767	0.561281505848561	0.545570886895008
0.525332544501877	0.557544312871983	0.517425967383071	0.480618723698459	0.539410152944096
0.477121409927466	0.532529202411736	0.633621383148583	0.580014096546647	0.546382433293802
0.471461381174467	0.459776883050236	0.151411112838499	0.135024300516669	0.557584822072002
0.415791187662369	0.398973710866563	0.425728318839231	0.372027622947669	0.551263854508987
0.490421733186832	0.507621400964324	0.500812868345504	0.458126498438302	0.541128081844073
0.5524416900569	0.606490174063192	0.722088677139038	0.650615091451212	0.561153995757714
0.543547438928388	0.576144677817264	0.684231101164879	0.606924814298242	0.561153995757714
0.485344572283944	0.48440330193358	0.57334514399791	0.51694107992724	0.546853262084799
0.557060580589967	0.601660882812967	0.85925590652404	0.771554230526261	0.556353045275463
0.444475440893608	0.428783223681221	0.395956395789775	0.450833666736015	0.52294609888958
0.517565668695224	0.563050495156042	0.419554063146646	0.373023726705301	0.553275114726364
0.692424638863059	0.933371147196129	0.642207944211995	0.673421608430675	0.51684213486227
0.612890446699041	0.721227422444145	0.550728204528885	0.578433551014637	0.524760278233393
0.49727777571297	0.518579996649727	0.792124800778483	0.700887771473274	0.556353045275463
0.462394268058819	0.517518307402838	0.554245059431477	0.488036367597162	0.559752426533746
0.629790323676314	0.785063621849557	1.12181671939884	1.01569137923204	0.556584518150893
0.461118903998263	0.457456649799954	0.342677333111515	0.304526817306767	0.551812511895378
0.489424584419402	0.558110132313604	0.719570649587568	0.644165699208282	0.553199526881692
0.485002725346296	0.492285256796205	0.71244055258798	0.640715784483758	0.559752426533746
0.504914113823343	0.512278737457056	0.477110879915591	0.42445536817892	0.555551539830734
0.486179884371228	0.520903732032677	0.578594743826308	0.530112652294092	0.546853262084799
0.596103675720136	0.651413294833452	0.161011477031223	0.14379954336946	0.55563378633737
0.576442493361445	0.683805705399053	0.614299192243428	0.560604838996541	0.558639125389869
0.51789278155336	0.556505202418537	0.530104765414172	0.476037968574311	0.553853850105552
0.478673201124243	0.476921070070892	0.536094242551893	0.4808629124096	0.550981221336384
0.554845701635486	0.555245026412419	0.348852514402295	0.31593346467291	0.55028376065659
0.50260949511791	0.515044362258169	0.539313277352115	0.572559114251253	0.522696057786118
0.505082232425578	0.512150578695337	0.634547372231519	0.574147937963448	0.546899585612746
0.540130780117132	0.587113338628948	0.632233511323386	0.576748435080271	0.545019659605606
0.524991635194242	0.560741398196878	0.588466145968084	0.535269073558246	0.549357036289163
0.529136618156602	0.545332322720495	0.542030692999658	0.580411546632273	0.519784176429582
0.509195457397277	0.565473296356442	0.541149773158808	0.502231583739712	0.54213588206925
0.504742069528486	0.481928876984473	0.144233489817727	0.12908019626813	0.556584518150893
0.562380364860681	0.635810371512895	0.733084608766626	0.666678121551612	0.56350708080667
0.526972259627141	0.627776911777998	0.487495041595777	0.521989512377742	0.52507910886314
0.514834701604473	0.450244200342468	0.552212566640023	0.580867819909048	0.524231147721427
0.528919161807344	0.574909100492452	0.224077254210056	0.202343838783811	0.559752426533746
0.518060600565007	0.52794949862687	0.530076008205341	0.488528662808547	0.54026362418045
0.474659739385365	0.481037824705041	0.422184263730654	0.376392924834804	0.544238487704586
0.504418768061977	0.522071890639587	0.493405011026597	0.44253502824848	0.549420075523522
0.473651312059101	0.466282389394478	0.377205183127539	0.346763814988752	0.543018388241462
0.532353110953357	0.554944703784068	0.580097339993359	0.529404084503488	0.546494141275025
0.510778400443712	0.573385280894532	0.641087834900699	0.591018541200346	0.546382433293802
0.542341307100675	0.558985541962539	0.46103658289685	0.422749507937203	0.546899585612746
0.498656260260098	0.511659989542593	0.410956578006042	0.375128477529306	0.544696057605311
0.612113565285944	0.7041618107805	0.747948148061545	0.691768011109328	0.546853262084799
0.488703623958306	0.49561033437088	0.45508096220237	0.414029023922095	0.542228917757359
0.529554269970672	0.593629972321224	0.324317185374054	0.286198012476152	0.56350708080667
0.608810826894314	0.730213683149205	0.5672962083409	0.58645232225445	0.527745323015366
0.546263432221376	0.652366289957288	0.830376124948288	0.764953763330442	0.549467314022794
0.513433255524433	0.523728978404421	0.486753712934641	0.532312819716563	0.520180424409574
0.49965352180329	0.533392630047307	0.573744237176458	0.529272764993273	0.544453650613355
0.494467134949323	0.476345088969336	0.538065826802518	0.567155409827545	0.524760278233393
0.510738684553187	0.503803910230488	0.472390936317211	0.422048875082375	0.547589340521879
0.451861900394827	0.396132689808202	0.324529918096353	0.28730703534713	0.54969508104467
0.513805871756899	0.511967166868803	0.50169575794369	0.443611746194588	0.55810248424622
0.6454326093719	0.771345895554792	0.909083039378621	0.827120014033258	0.557795963321143
0.534542127776801	0.605811948337671	0.720686278124911	0.652409641500443	0.551263854508987
0.591772034740964	0.653294770121336	0.657880149668005	0.606741151969995	0.541690785555911
0.521717462943433	0.577636122975742	0.631365605781902	0.564265814632842	0.552302606556584
0.537319379781195	0.605064206483669	0.558796200193717	0.601959270561881	0.515580848122444
0.523922664188839	0.572448334972552	0.559223827633137	0.592233955778128	0.521566395157487
0.556615688834135	0.604990026202226	0.703578231412743	0.623161505708198	0.562179480938369
0.497412607873106	0.541389703167227	0.551590116071592	0.505324474569155	0.546853262084799
0.446176748739375	0.42762461893603	0.41045116812138	0.361828094466568	0.550645829750355
0.520014983198657	0.537813639444963	0.275207199638586	0.249604957980908	0.547645655127624
0.588442517311526	0.638630535637948	0.634359063794004	0.585588615103197	0.538868216061042
0.489056031807985	0.529433716623516	0.518878697626418	0.548088350566977	0.525647390180549
0.508889366393052	0.557611127651684	0.550463768923375	0.496864211906793	0.55049840070813
0.466024926928031	0.456475835497997	0.330527798327946	0.297649868856021	0.544238487704586
0.53520569128087	0.551266000827279	0.265619114886569	0.236630098501212	0.550645829750355
0.569264478967353	0.689876558549966	0.990111141431381	0.897455400959692	0.554750359061914
0.501653862091117	0.502514030877444	0.300478683644027	0.272664692975459	0.553077368336304
0.510100246446634	0.552234569373941	0.593198096427832	0.540968450045779	0.548257693389133
0.678668206180397	0.939719028632535	0.64144111043148	0.668032129881217	0.520180424409574
0.560512257728772	0.605755318129584	0.461988118540774	0.423797339297716	0.549501681365382
0.451069831133507	0.509306381144969	0.437511395746328	0.503686650161078	0.514128554714838
0.518693009181417	0.544667818950749	0.507058016496909	0.459986430836093	0.546676141418326
0.527139978065251	0.508465855083415	0.338992804261368	0.301561163372992	0.545570886895008
0.486723981650812	0.451211446286383	0.046910314132268	0.042977330615665	0.554728689447666
0.46597721163546	0.435893012276946	0.435238434841731	0.387762405610701	0.554750359061914
0.493897739971886	0.48026605984754	0.0516861518493954	0.047421059058226	0.545386327916495
0.66998579252344	0.800005743528326	0.730992869854814	0.679335848435203	0.55028376065659
0.485157570835024	0.459251072235083	0.244777636931535	0.219703970062148	0.548971614619562
0.53522647957859	0.673406860437919	0.543305752907371	0.580806034367693	0.520180424409574
0.513735579386434	0.541308710983103	0.518807944691731	0.479683497642411	0.546853262084799
0.451001453519616	0.519993765308171	0.489480368566578	0.547297208515565	0.513317412035194
0.459479612999216	0.460248469473327	0.498147464503639	0.528546290195401	0.526137487751097
0.566988552537915	0.596314565004289	0.610248197473386	0.562138725800081	0.542328972232231
0.524819601782231	0.54663585930039	0.447628778391895	0.407947401724508	0.547946214888507
0.554543879896597	0.62327562517846	0.750438735358332	0.697807895040514	0.537390961698447
0.487787446143128	0.49609879523133	0.452803925225496	0.413696387539617	0.545570886895008
0.471225962280671	0.508537317522714	0.526972067022121	0.561747696382355	0.522696057786118
0.675298263985678	0.755349514619086	0.710187333560612	0.671519254258435	0.537377504003292
0.437858521574091	0.389288276946939	0.5241369192916	0.464733830832626	0.557584822072002
0.525490649823239	0.507100197814373	0.388497325240288	0.349296075652236	0.546595148877602
0.562268219741091	0.655918972225354	0.494695368350784	0.554656651823903	0.511490953728605
0.529089015038786	0.630240491687309	0.584478966667995	0.611347945811357	0.523412907059057
0.538575359660141	0.581652009363377	0.736510093436505	0.667325725709475	0.552302606556584
0.50699707272311	0.534039076808663	0.504033046649919	0.531062150561382	0.527103745092493
0.535924328897218	0.575777581212123	0.578798805369659	0.521590076981079	0.548293578793632
0.524301280441503	0.59712969250469	0.609812606412629	0.56231344797242	0.546853262084799
0.472927027690404	0.48327353750741	0.473753629772768	0.4196447514779	0.552302606556584
0.533354372716526	0.535572509135072	0.603937741600313	0.542803836778545	0.554750359061914
0.496240671846105	0.492887644581803	0.547210844775382	0.580019671476777	0.522433933216851
0.55992080075242	0.616648873591608	0.842058842446136	0.772704018741281	0.547645655127624
0.482146779684358	0.489894628787737	0.266029770146225	0.240172032156711	0.55563378633737
0.428951344078005	0.379759442375422	0.39324459619176	0.338427244272277	0.557209887646797
0.478151031130689	0.495132670548051	0.658582305364204	0.585191739264866	0.546494141275025
0.44473979287281	0.478530693307165	0.273507056851066	0.242235916889037	0.560930393060749
0.405206477122294	0.302765916691512	0.293628750188316	0.255088034572195	0.551911369245014
0.464114894663049	0.432511311389843	0.535393892381404	0.470455562305651	0.557209887646797
0.491926067769902	0.481261942960884	0.39682237728006	0.36059829439856	0.546098620762141
0.453964600686567	0.481985783831643	0.518301294309343	0.553667912735484	0.52294609888958
0.578612722954672	0.662694179503403	0.544882891650342	0.569322485222726	0.526462142563358
0.562831854556541	0.622220032719764	0.859590937813081	0.778812136457773	0.549357036289163
0.528433655640152	0.598732737324734	0.813365243721309	0.740091749027547	0.549467314022794
0.510147751062612	0.54041241538109	0.317924835595505	0.287423163923322	0.555551539830734
0.598182411582071	0.748675133745379	0.658160400954313	0.679215537808191	0.52294609888958
0.611190224344902	0.696980009103314	0.289420788872785	0.26386278148005	0.561153995757714
0.507920716887618	0.528163218997162	0.474626349098951	0.429355503095913	0.551812511895378
0.617775693696903	0.695162722477289	0.46499157208944	0.423709953904206	0.55049840070813
0.515288503826807	0.550312026218466	0.629139491993996	0.569042874244312	0.544696057605311
0.438441334452054	0.426975072278917	0.508504340787153	0.457160393845938	0.546595148877602
0.594852627898448	0.654522421381986	0.711604292107343	0.663309248046625	0.543404048253195
0.504775980737779	0.529863212068363	0.359690402703055	0.32127808452842	0.55810248424622
0.509021477943726	0.552505740679475	0.345639864461615	0.312357002177533	0.550791138744376
0.567800526794835	0.619949266160494	0.505170778641879	0.532073424672232	0.527103745092493
0.453567111646575	0.470357486991777	0.353663011003816	0.314361516938999	0.553895986798891
0.531900089081929	0.572268263443509	0.532456530426233	0.555252303681098	0.527550594131863
0.52346608815405	0.548340627951787	0.510348657847739	0.459770247073001	0.550182023857801
0.514263463196952	0.532976497854387	0.737011812643477	0.64325422989322	0.560930393060749
0.464520511404807	0.484489062283975	0.472171214243065	0.505863224650253	0.526137487751097
0.482915826949724	0.470767381606315	0.57425715692867	0.512981318467185	0.559752426533746
0.569392655429771	0.630268008583145	0.580713232139537	0.537543661277683	0.548048956109309
0.483594350894201	0.479895043515075	0.316218099422278	0.283332624221305	0.547645655127624
0.511242612267052	0.523234303111109	0.449861373686137	0.404504753402876	0.547645655127624
0.543499685453182	0.616623061224611	0.483452938021322	0.439741312106766	0.551499576128346
0.56894164593364	0.620803467413874	0.294107313437773	0.271134007735501	0.559023229673786
0.500366385586211	0.502417611725694	0.513522701632999	0.457402356254394	0.552302606556584
0.522247954140026	0.497706470685347	0.548005183437539	0.497108982074056	0.561153995757714
0.502911641707164	0.513649959874805	0.557356917589564	0.500818471063976	0.546676141418326
0.49886555041091	0.510692355472946	0.440773031231472	0.389078778586149	0.554027427363303
0.564907469525009	0.666808058184758	0.514434759583528	0.550831609746105	0.522696057786118
0.457140890387729	0.457763173770966	1.03959973056069	0.897769598929537	0.56350708080667
0.447430980770942	0.461663988737363	0.495343848733868	0.52772067870933	0.525513265939255
0.562990480117767	0.560943899537978	0.54051130268171	0.496442159412591	0.546098620762141
0.602597984806509	0.703538083453714	1.13127919199339	1.01932513646835	0.55810248424622
0.473214120975736	0.552384031661778	0.657198064015532	0.588076647603757	0.56350708080667
0.538829774903012	0.637465530191875	0.597515458219149	0.54658806428214	0.562179480938369
0.454166413953807	0.439419507884706	0.277975255663874	0.24468035660569	0.556584518150893
0.453100808540416	0.470782429326745	0.437133095090635	0.388591454692373	0.550103553454263
0.574504164462998	0.658823770862702	0.574395047515291	0.602298115484623	0.523412907059057
0.470872032785274	0.476075521744189	0.653592508856705	0.580337577676657	0.554728689447666
0.4803752271236	0.490787666619588	0.504262181307004	0.447036377621244	0.553853850105552
0.55717778415842	0.618121725866329	0.462198030139501	0.415414078773984	0.559023229673786
0.549443231580909	0.542853259727503	0.334425236009747	0.300150917965635	0.544238487704586
0.400660972543887	0.333680690544343	0.449953148278916	0.481449116070573	0.527745323015366
0.579454526374778	0.690689944339524	0.514950574681967	0.544943605580065	0.525513265939255
0.478693143443505	0.426041602188793	0.346475946897762	0.303937085819767	0.551911369245014
0.523710386307492	0.570733178267288	0.489288353303494	0.450574991273615	0.550791138744376
0.436805697865165	0.360643821578456	0.42848636936549	0.477393078689183	0.52294609888958
0.509946792411237	0.555043225934477	0.606370953968388	0.536414700516609	0.55563378633737
0.574186371111865	0.603798942020901	0.459697176216488	0.415707328482738	0.547645655127624
0.489349786636648	0.479102551910217	0.244467520530009	0.214971559026114	0.553077368336304
0.462548796483746	0.500326832518451	0.616851882687052	0.565004394342498	0.541923780951238
0.491535060473795	0.524913541932807	0.463662891287086	0.512948749354727	0.520180424409574
0.553344212607652	0.610460877715834	0.555236549545144	0.579696835530463	0.526021483340938
0.504913547265058	0.558770132667084	0.593330036213212	0.537279729353052	0.553895986798891
0.474807178849876	0.508805089554463	0.519347453855554	0.470509211310583	0.546113007963114
0.541593685233927	0.593062419287458	0.470667521592526	0.432386195090782	0.557209887646797
0.496346743494713	0.539991654754987	0.427035126011901	0.385624047438719	0.559752426533746
0.478128525529723	0.509179941653304	0.560125641881827	0.489287293588451	0.556584518150893
0.419669339586087	0.407358813220484	0.279848884985769	0.245800033309725	0.553853850105552
0.549848722863626	0.626194881181427	0.903821043533953	0.815873946814436	0.553895986798891
0.471724039257593	0.495871285311525	0.503401052551644	0.548862225947743	0.5189201310748
0.456510455606274	0.43561355118219	0.297971467643364	0.266940935794697	0.546494141275025
0.634633802622033	0.781117915425255	0.66806440864566	0.633651331226185	0.548366339208483
0.493475255736922	0.490288851817699	0.410716297726523	0.370334802143126	0.543404048253195
0.456971740911938	0.450675277194358	0.460376987892361	0.489886911834359	0.527923653684637
0.512068438391145	0.591467263999523	0.500693342888161	0.537880144462107	0.523184815941367
0.505617128624186	0.527181426743635	0.497869068010003	0.443540063384953	0.555551539830734
0.496831584888021	0.541526353948746	0.706276783385515	0.635724224022721	0.551911369245014
0.462780860740031	0.424556965368485	0.256740129995196	0.227452745653248	0.555551539830734
0.459833990464663	0.466750693361651	0.482049126161212	0.525444265779448	0.521566395157487
0.528649706525437	0.54733152803318	0.569245176673184	0.601658428593494	0.521246857208647
0.431052444430776	0.415950488880207	0.368452345844585	0.325537475744674	0.552402114432909
0.509158231241533	0.509801820351447	0.346970818922476	0.310417130663128	0.549327181227462
0.495532449443371	0.510847480142605	0.56613080822881	0.596267260266754	0.522696057786118
0.580568320987715	0.672729040346396	0.71258123370512	0.657626783012244	0.550791138744376
0.480394116619347	0.473898114876935	0.477203776950935	0.509011877500689	0.526563148333194
0.458546817080355	0.458542747878529	0.501768142375685	0.527708544604531	0.527550594131863
0.469960597904114	0.45110904765555	0.469373447875787	0.422725960187043	0.545019659605606
0.502449148871298	0.544943482502566	0.545263848871974	0.580559080160595	0.521246857208647
0.520465985510566	0.538786954876783	0.221380149357514	0.204443653019528	0.551911369245014
0.632955457643662	0.755287692722629	0.6648781130252	0.685053810096101	0.523184815941367
0.555058124693531	0.639937547435345	0.563389163818533	0.589772801844642	0.524760278233393
0.504071053778337	0.521179026129637	0.525290492824899	0.546682270166168	0.528237724820117
0.549370803821879	0.544926248552509	0.583400920640015	0.523586188624974	0.553275114726364
0.585580885868527	0.741647145002954	0.568293315027751	0.596016298923028	0.523839732922601
0.484562378498713	0.516804635133648	0.349076383314184	0.315495791076776	0.548366339208483
0.455689823991473	0.491557317990777	0.534895760168832	0.573504293227961	0.520180424409574
0.520307720834561	0.545398430861806	0.595699280038048	0.552408080056957	0.544696057605311
0.535701729585259	0.580861823016382	0.626566707550465	0.559923882951737	0.554521669979296
0.50866411145104	0.541106452620859	0.44040297177783	0.395520723432123	0.548366339208483
0.442852916906809	0.451312494869419	0.593825700485154	0.52660770675276	0.553853850105552
0.464075360146755	0.44154641282029	0.164495556066812	0.147357804874203	0.556584518150893
0.4280557841828	0.435896760797338	0.490505918395007	0.523497614417879	0.525513265939255
0.471657204626257	0.462029934310632	0.392516747362247	0.349038938651454	0.545386327916495
0.440336806905212	0.419769681457527	0.508969993147961	0.535454388344839	0.527103745092493
0.562367714017523	0.619414594916289	0.712405485649618	0.640977938910421	0.549420075523522
0.472117202389543	0.472008129440851	0.492287823525816	0.438077688801843	0.550524356087047
0.523256580085514	0.585959252878301	0.473953286652495	0.433781642798259	0.553895986798891
0.47350850460778	0.506860182598548	0.650682233989905	0.592194037925485	0.55049840070813
0.555908790929117	0.569044630154275	0.570812250067461	0.516160302275291	0.550791138744376
0.516300933836993	0.530113998537953	0.48693758222254	0.453726386948624	0.532968314668985
0.555418790520225	0.585698309767014	0.570156020088021	0.525975925148588	0.543404048253195
0.476466203327987	0.491063728188165	0.489833079687314	0.445716904850928	0.539375977984428
0.537356929358308	0.579633679433466	0.623511656360434	0.562713167512358	0.546494141275025
0.643562111594048	0.76932143314611	0.556314943041275	0.583429537150701	0.524760278233393
0.422703296323815	0.440443374149551	0.46532445196831	0.522204583609575	0.516233037400826
0.493382388972615	0.514099261046303	0.429787326596232	0.388732527949735	0.553199526881692
0.537600104963718	0.525643090091954	0.351519880774792	0.31823066795703	0.543018388241462
0.547141362361819	0.620884444348711	0.741378685895157	0.682599807351273	0.550645829750355
0.593497694614612	0.686393188152944	0.897095561766752	0.813400817761221	0.556353045275463
0.611011673864005	0.7219779042056	0.421420797258114	0.392956105749703	0.553041708580805
0.468408061914024	0.504413884522277	0.215275118096027	0.193292651230367	0.556584518150893
0.516482507456503	0.555750659704754	0.399774321983895	0.360217364876369	0.551263854508987
0.499719718768874	0.544943010586711	0.530501907131785	0.557797322566422	0.525901272029747
0.534127404723449	0.576472954894817	0.609773194789816	0.630935806502014	0.52522940108566
0.572395502791673	0.679858581501569	0.802698977292457	0.70925837390497	0.56350708080667
0.499660656201259	0.501124681735541	0.402942613309182	0.356351660508086	0.554521669979296
0.589050091866915	0.641327449773489	0.607310309997776	0.559178860937848	0.540941605835757
0.577905957576416	0.679209240091984	0.818079936623098	0.76628632082297	0.544298868414092
0.519681206855043	0.575252931552889	0.364872843571657	0.337818050742395	0.551812511895378
0.416367945446501	0.427231731180239	0.325545567329962	0.287772087171748	0.550103553454263
0.459893819821568	0.461981965641208	0.519362749570199	0.54646322543265	0.526462142563358
0.487710268316954	0.517817211968658	0.668860632998177	0.605171514367107	0.544890062510223
0.504933315312944	0.498058313715532	0.508954977547868	0.454564637831119	0.547589340521879
0.544791979858659	0.593704634101891	0.61672410791431	0.560317579642603	0.557209887646797
0.467975031656536	0.446684984319576	0.542831825057922	0.481464599950334	0.554750359061914
0.585249126977507	0.78699670483918	0.548250526860195	0.587330793571325	0.5189201310748
0.498170483234436	0.533350216576427	0.555048441799878	0.501276029214235	0.550791138744376
0.4637049256621	0.465428617547944	0.486685631560679	0.537646557681404	0.517412096010608
0.476187753636814	0.407506760655808	0.245369918769471	0.21231596920874	0.554750359061914
0.539008403093389	0.541240435431124	-0.078585391791932	-0.0682906394747246	0.556584518150893
0.532342251516362	0.599833826967189	0.499260648556566	0.454922088671906	0.557584822072002
0.690551506939069	0.915253706706958	0.520079093591926	0.568942473294169	0.515580848122444
0.475171783321337	0.524291240478278	0.417011642481932	0.388065129510948	0.543131381429203
0.470510116667689	0.465113335651713	0.304519212659969	0.271514462806328	0.553199526881692
0.516152549822277	0.52834106839814	0.096680724982047	0.0835894162323207	0.56350708080667
0.481424411721248	0.448044302936837	0.520643883100279	0.57059872588602	0.514881067314304
0.493455624636281	0.503783500986193	0.363950073180935	0.323171961295877	0.552302606556584
0.423091461019433	0.332312626071829	0.474627221515178	0.512554881694188	0.524414820732427
0.46518503463521	0.466249041167798	0.668569334068074	0.57828864657507	0.562179480938369
0.504656265862468	0.553325591194455	0.695113646203147	0.636476321194546	0.54675171320742
0.457322731906899	0.469521313743676	0.462096457492234	0.412196349446404	0.548293578793632
0.501238663114418	0.512168573018719	0.518365169213848	0.551366057172217	0.524039608246999
0.54279544304383	0.564465311714173	0.521243588399905	0.483584047866193	0.539512067177632
0.618459663198169	0.65905969126689	0.592667694358077	0.545354934172847	0.545722692800331
0.530011901075218	0.559588219242225	0.587940274311478	0.524129010740184	0.550645829750355
