Hs	Hrs	He	Hal	Ht
0.498120495391528	0.481276376049154	0.567205401277646	0.59821399581667	0.522158897646525
0.539371268380608	0.614182245558955	0.610930739182778	0.560358481090138	0.549501681365382
0.564569805164742	0.615772478751361	0.595363972371025	0.544717005544976	0.543131381429203
0.480320350219062	0.531767193212666	0.509953752693213	0.538665463534849	0.52624947920195
0.533227302103175	0.585862133969511	0.598759076088825	0.547389524934141	0.549501681365382
0.492524904282354	0.549198024105787	1.03809003899429	0.91443380684956	0.56350708080667
0.491567700342563	0.501348333256865	0.568647182230604	0.516071406614648	0.546494141275025
0.563855822003888	0.660929078009453	0.591092315446806	0.542066224787212	0.55049840070813
0.520562736262857	0.552837455085364	0.456250403075848	0.416585427623304	0.549357036289163
0.532653240346882	0.595776581967565	0.660610701112079	0.597860710130832	0.551812511895378
0.605373891122327	0.793293288074392	0.589533545319215	0.623486600561775	0.5189201310748
0.450319596150931	0.458481038447712	0.472134726640376	0.505511228211797	0.52624947920195
0.519549546878628	0.570823630703077	0.459020690273803	0.500185539734628	0.524039608246999
0.620773879437101	0.731177781299496	0.909545340237514	0.84035579155371	0.549467314022794
0.588086485062525	0.633161891063816	0.55677510960742	0.509784367327386	0.547645655127624
0.566700149274895	0.654054212363896	0.765432041091615	0.701509777226773	0.55028376065659
0.470267781105542	0.437637816702253	0.398764464665503	0.346828583693916	0.557209887646797
0.51717958494025	0.558476526130063	0.48919994962066	0.514219691123885	0.528237724820117
0.518872076659966	0.55393842431308	0.469760558798553	0.426098919585083	0.553199526881692
0.500949195357186	0.554282638852405	0.79812225066725	0.694131335249687	0.56350708080667
0.499577774962965	0.511675476303077	0.369592662817698	0.337903595893306	0.548635451738003
0.409823667333805	0.332873372746308	0.458016805295198	0.504528890581984	0.521870047665536
0.539792970007937	0.578557353432387	0.304091212844984	0.26958812349829	0.56350708080667
0.518463567113687	0.548142094015547	0.541800121455891	0.567612225357048	0.526021483340938
0.502941030977648	0.547231005093861	0.414608475548394	0.373074003924481	0.553199526881692
0.513438533165014	0.532801306093	0.384892524507439	0.349004536599261	0.548775349976467
0.467328584020304	0.486120549822068	0.513089262890802	0.539127106672291	0.527103745092493
0.523239553784516	0.577367599377121	0.507114617654662	0.46604575707724	0.548293578793632
0.450080640957007	0.448798870789308	0.46487142682381	0.499221128395298	0.52624947920195
0.593938532681898	0.75977528997905	0.487063882558305	0.523704564263419	0.524231147721427
0.546166620044493	0.602128219050522	0.526281465305113	0.481882593356744	0.549420075523522
0.596509183737714	0.741863679432987	0.508798413763578	0.542568772125471	0.524231147721427
0.49340890801267	0.570514903757893	0.49652689917114	0.531891044547014	0.524231147721427
0.529549227108876	0.566237815682339	0.539399786765117	0.490578380690126	0.549420075523522
0.539713438484532	0.635403868963695	0.568928796185934	0.598290907045959	0.52294609888958
0.562352598167541	0.67191288011818	0.731169690766865	0.660557100848459	0.552302606556584
0.548848413389343	0.697447886507394	0.600820264599199	0.62363736384965	0.524760278233393
0.516680593734329	0.54647518676863	0.346614118110819	0.316370792678589	0.551263854508987
0.503788347368799	0.604383078543333	0.565141615366641	0.604521640705525	0.517412096010608
0.525098170476463	0.528186356328037	0.50038031353739	0.446407734911552	0.553077368336304
0.461938920036486	0.484777716552576	0.407656805193445	0.36233201518783	0.551812511895378
0.593749693119794	0.655823663601174	0.370027245088051	0.32483361436046	0.55810248424622
0.576003434837999	0.649395264348638	0.738419587079676	0.673277157688296	0.548293578793632
0.587268586549509	0.680963177705874	0.565873839263167	0.517471052817956	0.554027427363303
0.519620055367237	0.549761882845102	0.505157260593616	0.528506326234462	0.528237724820117
0.595086510480492	0.744381816641858	0.597462113855852	0.622662649977053	0.523631015086528
0.454721416952335	0.446856586381167	0.508338102156835	0.545548507908367	0.522696057786118
0.521825271065299	0.547519291801268	0.560153310765836	0.507705259016357	0.547589340521879
0.548279612243836	0.58307011399303	0.48109860394408	0.437929576878198	0.546098620762141
0.498897915575719	0.512386119361111	0.47888667606723	0.436760498089364	0.546098620762141
0.528451684927842	0.597025880711573	0.508469737688514	0.532524622901335	0.527923653684637
0.460978552413452	0.552998559872559	0.517419883130882	0.565578844189228	0.516233037400826
0.607440584116815	0.708847915306428	0.590462949261967	0.544046071299861	0.546853262084799
0.53506573645221	0.586855164294212	0.762517565641509	0.708197079192886	0.546494141275025
0.539733672948597	0.620603599923727	0.473024822348346	0.420992161256005	0.560930393060749
0.474563696290926	0.490522764447398	0.616868797086656	0.541953161903573	0.557209887646797
0.418428807292383	0.406345309830642	0.489800597195168	0.427323291959429	0.55810248424622
0.501841429834922	0.557609050034416	0.617633185118567	0.556242164133364	0.558639125389869
0.552819125175105	0.63961963191585	0.764862288716048	0.705491298390695	0.556584518150893
0.537952302854675	0.590494773272606	1.04115398081262	0.922359098525718	0.558639125389869
0.469791064326208	0.457842567132926	0.324191234482338	0.289890585794809	0.54675171320742
0.508143950547268	0.546515303338404	0.563420247128375	0.515039808744821	0.546113007963114
0.509173314064038	0.550809388615682	0.529858529592186	0.47476151264613	0.551263854508987
0.519072191668641	0.541520175072168	0.370961019030456	0.328210465944362	0.557584822072002
0.520561068574729	0.530229078959448	0.395129162573699	0.362021916930439	0.548440631543976
0.495606779368376	0.547987896863772	0.553287004211163	0.504943341877417	0.553853850105552
0.521977264496784	0.54672904740579	0.264466502181874	0.240487423559844	0.557209887646797
0.451642587083047	0.465346250199719	0.311125916405804	0.280438271198789	0.558639125389869
0.551778570400422	0.619434698737603	0.604192655045644	0.539881864754559	0.55810248424622
0.439459936468306	0.471313725610529	0.521568750590965	0.550795021119651	0.525513265939255
0.474033696280876	0.460365436153496	0.457218833841112	0.500219086749869	0.523412907059057
0.564126433303132	0.653004910296689	0.550509937593379	0.500882076834353	0.553199526881692
0.500236193474477	0.541019161969613	0.459181570482913	0.41581228956628	0.555551539830734
0.561145488415604	0.63182581943345	0.664172696695512	0.609254656891193	0.546487750305797
0.505028653944692	0.533644163099891	0.575110755016843	0.527287769537296	0.54675171320742
0.518455428432959	0.555250580267866	0.534724140275765	0.487377226124733	0.549501681365382
0.529869764625737	0.545060464077961	0.513648345357006	0.536649913010519	0.528087292624469
0.528078013139454	0.574817468351126	0.712226292928548	0.647660919709629	0.548366339208483
0.548778414088729	0.577205430613579	0.581322541075318	0.606612259817694	0.524414820732427
0.526044072783625	0.570687470554289	0.672389718512094	0.622756356462149	0.542228917757359
0.579727691679451	0.66141802346304	0.801906568595991	0.73312778268639	0.547645655127624
0.584942425377231	0.626251597567734	0.5404006858037	0.491938545970722	0.551612252119523
0.491270602789429	0.552451415635104	0.475713052112173	0.421537960378136	0.55810248424622
0.608513975638332	0.751013403490195	0.709318162965453	0.656282577899223	0.556584518150893
0.532290308463268	0.575857184544569	0.555710437739445	0.513849592397229	0.544453650613355
0.497134770233586	0.526115133917725	0.599186614492241	0.538031432366481	0.549357036289163
0.512701593681576	0.548925646358942	0.500057681132096	0.52618490123525	0.527550594131863
0.390293503340375	0.41486077144532	0.402998734645091	0.317470077716869	0.588148397702131
0.487833859045819	0.493805669376071	0.466834904561285	0.426777845566457	0.543404048253195
0.583014444547782	0.765546049000976	0.550470338710312	0.57820324392232	0.524760278233393
0.469420383359919	0.470161702629398	0.543025457707951	0.479635293318472	0.554728689447666
0.366825086480469	0.154255912456247	0.425566936799941	0.501013552288019	0.510458573143709
0.532365116021298	0.552373056255833	0.435503880978974	0.394035623507785	0.547946214888507
0.584331738058475	0.648613084585761	0.755261787294215	0.683689284291451	0.552620472826294
0.417659326962133	0.306300969308804	0.129515492275773	0.114552527477586	0.556353045275463
0.499854779105973	0.531040606353525	0.391626767118683	0.350532879033045	0.551911369245014
0.516255647628384	0.533835827787309	0.462309671388788	0.426769196891862	0.544696057605311
0.510866512444268	0.55059911709602	0.541347714929034	0.490543749367814	0.551263854508987
0.537813337645467	0.605289765057326	0.570292017531495	0.591436896798399	0.526846672002587
0.46890912398029	0.485052773859553	0.308529638931914	0.280881357931801	0.547645655127624
0.516628631903025	0.548291073786917	0.577146793904266	0.521121461243437	0.548971614619562
0.557647241054193	0.597489719339543	0.519444816711659	0.476823317767096	0.552620472826294
0.563913146322317	0.662106407291132	0.551851497480831	0.584111170446048	0.522433933216851
0.488189553712961	0.512280714258479	0.502477109084928	0.463682091015351	0.546595148877602
0.515452490178166	0.604118280112661	1.03051040605447	0.915249352535969	0.562179480938369
0.525044697517	0.571229635470677	0.477641852198698	0.514277882613911	0.524760278233393
0.539574849838919	0.595200322458698	0.286306346547806	0.253207111563424	0.562179480938369
0.482336256081249	0.472884323322826	0.381805385365148	0.337065347666434	0.557584822072002
0.558822671014746	0.715477888839779	0.620856791918956	0.6527801237285	0.517946411642854
0.585355404663954	0.730675626378342	0.420978481433468	0.390624525898925	0.548775349976467
0.471866045696437	0.487972887726956	0.426568770303042	0.46918645707363	0.525374025113182
0.482170103536083	0.438539895482365	0.340297112952039	0.303817506252451	0.551911369245014
0.541202894977079	0.606172073266796	0.685686420135648	0.622998927740348	0.553486364153921
0.483639078521358	0.512329337815064	0.474436932198697	0.510304959379675	0.52522940108566
0.537689049316853	0.609630053902309	0.611320821734339	0.560539522912408	0.552402114432909
0.580547826162654	0.612845862882873	0.345977202319922	0.314269529517868	0.550082796778925
0.520531016271866	0.558304074529656	0.416208907762817	0.371835837338351	0.550524356087047
0.560729282068973	0.63646917469757	0.828012000634387	0.757255566208519	0.550103553454263
0.575362472571692	0.780127654969344	0.557638727911074	0.585332464977702	0.524414820732427
0.519492514844775	0.590880754371219	0.662837108750199	0.610140318743631	0.550524356087047
0.577252194770939	0.629620011415405	0.451631388735634	0.409145831332388	0.552402114432909
0.54048643035532	0.620416372389853	0.638267284983644	0.580859432140251	0.553895986798891
0.534525355338136	0.609006732923861	0.64864033844606	0.593711729368505	0.553895986798891
0.542973884060087	0.582188906842487	0.479753269725885	0.431394355102453	0.55810248424622
0.596243121011637	0.714664690959914	0.776849214087813	0.725271305670307	0.547645655127624
0.5724693720416	0.580181024084876	0.36856608532737	0.333382438481948	0.552402114432909
0.488989987292177	0.523008753856602	0.523599364550595	0.565262827059006	0.519364734392739
0.543988427661371	0.62001506640983	0.499534367743235	0.525104285279198	0.527745323015366
0.499454365256829	0.565603710620051	0.397375725113605	0.365277988503968	0.55049840070813
0.535835211277668	0.546479855409991	0.388481550027446	0.34541120510295	0.556088466985464
0.532263803560537	0.546546014255448	0.427408634716029	0.383604807480031	0.54969508104467
0.457831642440157	0.445281317070121	0.398532141639129	0.359883201886662	0.549420075523522
0.526896900833958	0.599948256984166	1.1803996997996	1.0458210006308	0.556584518150893
0.478524273339329	0.499409047732868	0.478695012740164	0.433491139519887	0.553199526881692
0.515384778674056	0.552339968859501	0.507407584096487	0.531571923977969	0.527923653684637
0.520447941950932	0.591475858232706	0.474063104485284	0.507831427084568	0.526021483340938
0.53807836593695	0.590761819223783	0.485344303984211	0.454580139864529	0.538523001057647
0.48057611372512	0.517778515510364	0.340570701076604	0.307335212210821	0.549467314022794
0.53804357429928	0.58102679163283	0.673811563357992	0.624503139033486	0.546510180611498
0.482607101420737	0.48892305557598	0.502687332677427	0.461316614181817	0.541128081844073
0.528062049896373	0.546426429405706	0.740158028191648	0.656876295288227	0.554521669979296
0.460070576090849	0.482388227156893	0.471399289680625	0.430071295757476	0.547645655127624
0.558295642296126	0.621538054219965	0.711089150023712	0.643699447708862	0.553077368336304
0.58257687467393	0.646610691716137	0.570519945256227	0.51129368159303	0.554750359061914
0.550153410200409	0.630780366376643	0.724610777447598	0.662967656707464	0.549357036289163
0.567222431769567	0.608191961800789	0.454996857675664	0.492845192114957	0.525513265939255
0.508776476657973	0.518915239704207	0.35901316944627	0.325586067165808	0.546853262084799
0.546295979135786	0.59664141553157	0.926232574378137	0.842363919621648	0.547912085459279
0.512061757074382	0.582211989682491	0.47436806707095	0.508774898056657	0.525776647522227
0.512234958815453	0.531039893643291	0.689422907837623	0.603904349219544	0.562179480938369
0.598420132279	0.727956486598681	0.97194760149368	0.873485918178819	0.560930393060749
0.486316090482152	0.510738680888043	0.724249940777782	0.639416893878379	0.548971614619562
0.538317820277604	0.568228966891261	0.538487311594212	0.560156625470191	0.527745323015366
0.481279608789762	0.491522626258406	0.33586162931758	0.308381022408693	0.539375977984428
0.52759060231904	0.592945212747978	0.548032566744944	0.5823892990051	0.521566395157487
0.483292762987639	0.386352667391734	0.518376521472133	0.548651051033153	0.52522940108566
0.533051557438617	0.547541674772196	0.570387101931341	0.514922097419112	0.55028376065659
0.552695202743568	0.652627722312056	1.35862574665855	1.21923712185231	0.550082796778925
0.504003678863076	0.549504189350599	0.596109205745272	0.534575570974136	0.553895986798891
0.500415712637119	0.479510263534597	0.285600492282501	0.239289575059413	0.607145758095678
0.538410816122591	0.570488282921548	0.503712194968045	0.461524691850746	0.54095699825196
0.522619411180997	0.555325252124588	0.529325957912291	0.486589305835856	0.545969827595227
0.597863034370489	0.658339937439612	0.603003767610355	0.552025132726421	0.549357036289163
0.512058794667691	0.555940153711312	0.471772236887728	0.504280316400668	0.526563148333194
0.506070355705933	0.530523117383587	0.535569477791357	0.479786873412292	0.557209887646797
0.549224894786914	0.547843466529795	0.753986440107779	0.681183092561611	0.553275114726364
0.502167923340632	0.488326362774842	0.223278808090254	0.198239032929307	0.550645829750355
0.526000677264511	0.565198242630901	0.406418836516972	0.369117596806274	0.556088466985464
0.489704908300411	0.501827285606795	0.564652492518342	0.503043757850305	0.554521669979296
0.440460075480675	0.462281261990507	0.34495144655456	0.312888930095421	0.550645829750355
0.546174269006247	0.620043342929441	0.676564013189589	0.611253520331854	0.550082796778925
0.498204404257219	0.546107836716507	0.650675081731323	0.59668915047741	0.541333504766553
0.478003917719891	0.521891269099146	0.515925263578708	0.464026792978013	0.550415151959234
0.551732399287529	0.623309781267741	0.687464786263256	0.626281035855002	0.54969508104467
0.605227531450927	0.719181427912901	0.562009794651737	0.583891388817653	0.526846672002587
0.520123813881028	0.551102847410587	0.531129199845056	0.486475488090771	0.541923780951238
0.532896115932299	0.609919196495352	0.5748022970791	0.594947946969373	0.527103745092493
0.51942668847823	0.596270723777172	0.5214739754015	0.54917489777056	0.526137487751097
0.554921177704329	0.632115012178678	0.573274770322988	0.608432091387779	0.519364734392739
0.536580307310598	0.603335845958577	0.64123141179184	0.582475881746408	0.550645829750355
0.560038934564074	0.680139844500738	0.916982396198756	0.832134331003429	0.551911369245014
0.441685293870573	0.433786724341944	0.21450032651623	0.190413779159659	0.553486364153921
0.453714968333648	0.437086838700117	0.210737697090199	0.19018332804015	0.545386327916495
0.562562740303607	0.662744863504765	0.602199863776003	0.617462147784647	0.528237724820117
0.532624584528908	0.589043613726128	0.539849230735791	0.574642385525846	0.521870047665536
0.502891306053092	0.610555216142523	0.551581903502193	0.574425906885137	0.526846672002587
0.528623045965177	0.59491452292929	0.528745364256272	0.558895202473792	0.524760278233393
0.456750555568174	0.533004277944371	0.394535453332209	0.325592315004571	0.590272542270064
0.461549065472516	0.451322917024603	0.623950294324913	0.560028571581814	0.551911369245014
0.531960071472095	0.588168573656728	0.554813947148016	0.505711003908282	0.548366339208483
0.529221676382121	0.568778161913628	0.440527870540363	0.4075101776764	0.543837956493502
0.535788116325456	0.594762826691163	0.686891307274704	0.624342117595801	0.554750359061914
0.469415774592582	0.436600433312408	0.4873154529608	0.537163728160167	0.517946411642854
0.489822076163858	0.451288807630756	0.494439309297903	0.529645318534129	0.524414820732427
0.484258348825274	0.528135497766132	0.506405285707586	0.529628239935052	0.528237724820117
0.479237499545795	0.49279206093011	0.522140992307172	0.551634357118546	0.525374025113182
0.580747977175875	0.669994978092783	0.491310495462395	0.443970906980731	0.56350708080667
0.486202441191778	0.472846860470939	0.421663104905562	0.386993252004743	0.544890062510223
0.523689450700303	0.595182933848402	0.619736659980181	0.563412057574552	0.554728689447666
0.539429123487973	0.545865693254227	0.440332205473056	0.39922901441679	0.545086373972636
0.535224005434751	0.584382580114903	0.514711518784713	0.473062976538688	0.54213588206925
0.525794530159475	0.540589369286126	0.555708833007059	0.512857498075572	0.545969827595227
0.483476190132881	0.508489446342724	0.536522234306126	0.480169755600723	0.553853850105552
0.478326490133314	0.45572773372949	0.5493538860208	0.581401848603327	0.522696057786118
0.469694111263325	0.527079851891011	0.520471135915239	0.549498526915573	0.525647390180549
0.533174615839352	0.55145080644747	0.450086661922615	0.409362103401181	0.544325068541353
0.502907878104666	0.506750058034113	0.293340491133805	0.266409613800523	0.554027427363303
0.555813882884931	0.616585188270545	0.351209872939609	0.315767011220734	0.550082796778925
0.530599399396678	0.589084798417608	0.480663381632528	0.513565699775164	0.526021483340938
0.513166243560921	0.559151231455152	0.506557620505962	0.536568886418932	0.525901272029747
0.521206225296847	0.599669281575055	0.502456120269013	0.528321737001534	0.527550594131863
0.510064022790939	0.55598857291234	0.456532779535861	0.491391332505885	0.526462142563358
0.558948638033204	0.658406889442843	0.584792595958409	0.541428818249962	0.551499576128346
0.541008473761578	0.578911321079477	0.733870488271696	0.666657074653302	0.548257693389133
0.584755081701168	0.674214701844285	0.684207966304028	0.626570391712309	0.549467314022794
0.494268586137162	0.499035076629912	0.370302403494586	0.341413240465609	0.547645655127624
0.52127905865026	0.544326144066249	0.571868284830315	0.600036307548671	0.523412907059057
0.57115964411144	0.634521380784276	0.771538617910211	0.692683939925478	0.554728689447666
0.584631590272303	0.756714102388086	1.11246622499727	1.02186493028763	0.548775349976467
0.495256283587774	0.509319843978055	0.209575208901882	0.191704826087041	0.554728689447666
0.597731748576985	0.674424992506628	0.781776059311165	0.723469172649013	0.550182023857801
0.564529786849162	0.624903682002547	0.558356140636472	0.508487580004048	0.552302606556584
0.573485864976621	0.614172881259778	0.455841215266613	0.41794579492846	0.547946214888507
0.508921785206987	0.521033186386402	0.474040667283974	0.425015735504243	0.547452263349479
0.564017771387274	0.640441195178318	0.651112918998073	0.591912126571648	0.546098620762141
0.524982138317367	0.58328856385505	0.685322564420816	0.61639719397038	0.549501681365382
0.579013487020959	0.609630009502778	0.527026108101368	0.475568831388336	0.547645655127624
0.541985546214503	0.588406230177981	0.433690922972335	0.388311104127961	0.555551539830734
0.523876734247844	0.574320653665658	0.573199981702941	0.519818814264079	0.551263854508987
0.518756736940119	0.575063498945834	0.586919400992986	0.533389411180059	0.556584518150893
0.530474251688955	0.576384049657275	0.381186708379857	0.346063265513688	0.552302606556584
0.564042065977016	0.653358699746179	0.802708107948186	0.723167387394621	0.550791138744376
0.558294469262898	0.637646439177672	0.790478701249943	0.705532696008009	0.553077368336304
0.561779379450759	0.708544319617875	0.545428921280799	0.588416915244581	0.51684213486227
0.486812514125433	0.499208093270585	0.507682366436503	0.466042740913384	0.544321497895929
0.4671491264849	0.469847199388579	0.581139560359074	0.526973310374591	0.547589340521879
0.478178731521973	0.438814993190299	0.206098389743361	0.184011988235771	0.557795963321143
0.435834828702491	0.441438018840047	0.40618493059471	0.358343585063389	0.549467314022794
0.479914317592432	0.532644786571553	0.465678367505434	0.513832588642302	0.52055524824549
0.538357945739038	0.609892533914789	0.747450434910011	0.689873869993103	0.546595148877602
0.506255697643884	0.549076874153477	0.517509437730785	0.476598726174155	0.546098620762141
0.538029175002444	0.539069930975827	0.409215424256952	0.36310497405036	0.556353045275463
0.55591443466074	0.568310626349792	0.466217963912481	0.424000586550464	0.548440631543976
0.484366522096166	0.454387734102522	0.459853114457477	0.501909354843743	0.523631015086528
0.548414291641891	0.604835807214693	0.623928111900725	0.578202236324371	0.542742154512044
0.563081549267727	0.612584713983594	0.573662314456235	0.615874125896429	0.514881067314304
0.537551373232084	0.606928125369647	0.676548014115501	0.609849724906079	0.556088466985464
0.495182242933777	0.525149486996974	0.495518876302361	0.522147996462461	0.527550594131863
0.589455063989459	0.692662685761681	0.581152116557901	0.536294381151327	0.548971614619562
0.476798428664901	0.475972329913775	0.373554183746473	0.333906673578445	0.556353045275463
0.55134048107147	0.601704265018806	0.499908783315567	0.445189596506839	0.561153995757714
0.496972472202386	0.566009226815904	0.563111999000784	0.586811467397794	0.526021483340938
0.496656663768724	0.547884216440919	0.612143737146085	0.553123752335541	0.553486364153921
0.43438963825429	0.400776235037783	0.177980865967991	0.15252237899676	0.559752426533746
0.575616561586838	0.620018202398454	0.603158331901279	0.556522165664691	0.542597383958813
0.565800515942182	0.601015348509255	0.374499315026265	0.342785224018412	0.554728689447666
0.512341839083393	0.585110030707733	0.686853449162695	0.620491552017049	0.553199526881692
0.472638464002427	0.479483574866107	0.418423932515946	0.382110122587154	0.545969827595227
0.540235834826083	0.580590122570258	0.509599686098937	0.455972905381539	0.552402114432909
0.514748903609905	0.576503370548885	0.288422143126293	0.264112249322426	0.56350708080667
0.560368431784114	0.636685836616746	0.650459365453163	0.593105081475085	0.547589340521879
0.457848079698932	0.470057292816784	0.520911292271289	0.565533038153074	0.517946411642854
0.477395571550818	0.462921273135162	0.436561029692681	0.388838095560719	0.557209887646797
0.543226491035004	0.580073415974513	0.527651247605556	0.549302480384681	0.528087292624469
0.511445003382442	0.529670160644712	0.47817808241227	0.437734432616161	0.547946214888507
0.568979803090065	0.680024433376202	0.859239506828587	0.77603929745203	0.551911369245014
0.511487589611626	0.554558446673767	0.527922890186448	0.551764912751696	0.527337496843353
0.43767172809939	0.405992156627462	0.437746636876906	0.490707000843964	0.52055524824549
0.476855345632453	0.507060376309996	0.698439626918926	0.626260000454046	0.552402114432909
0.494722695127649	0.465613532581713	0.311179048163718	0.273391365630089	0.550182023857801
0.529768903206661	0.627998665739028	0.522373455847116	0.481239297268549	0.550645829750355
0.483179108930224	0.465005924523391	0.506116659136785	0.559693557941035	0.514128554714838
0.559628752503563	0.674783352067174	0.508174958186614	0.556708320250778	0.51684213486227
0.511433220868782	0.597003936515794	0.535011924314268	0.57432984791891	0.519784176429582
0.553376765543993	0.640537008226919	0.459266457893363	0.500895325065031	0.523839732922601
0.467719918409083	0.431553276118181	0.509694661230962	0.542125513151601	0.524760278233393
0.53345401467453	0.614755088710512	0.541985212277732	0.575422905988934	0.522433933216851
0.528937815074896	0.577529586656842	0.45863812315989	0.419445064426225	0.551812511895378
0.511059981295333	0.543875120645345	0.456123997201502	0.405995083392595	0.548971614619562
0.520549758741111	0.582551860800092	0.504157342124925	0.53728091089988	0.524760278233393
0.512249741358769	0.575914114871855	0.509935408073548	0.548651816991808	0.521870047665536
0.599864904621477	0.713375477077018	0.686477293882942	0.633924852642829	0.550791138744376
0.569519041191268	0.672849360039425	0.748092375863386	0.669094294266685	0.558639125389869
0.555868492929345	0.621179675211224	0.779454907034316	0.697955091324975	0.552620472826294
0.472837132516377	0.450121334631944	0.493796497404891	0.519405801058728	0.527923653684637
0.549629701318523	0.609263622480119	0.626922299952402	0.577842466216851	0.540941605835757
0.573283241691074	0.65343269716881	0.548410638282949	0.508201206828099	0.543404048253195
0.471486522100458	0.497504278742037	0.489844014371454	0.542454511251253	0.516233037400826
0.540258067039865	0.630038389786214	0.686207515272997	0.618929476641998	0.55810248424622
0.545106365533312	0.588324824147783	0.622957747183743	0.577623466008472	0.540475558870087
0.545819319175883	0.577721597868126	0.450754959917126	0.409350139604577	0.553275114726364
0.525412864119904	0.579700609535508	0.397531812972507	0.351049177323597	0.558639125389869
0.428435417965887	0.393947212780556	0.475997353991794	0.525815930900789	0.5189201310748
0.53352180336634	0.562077438497851	0.509706749410339	0.468086348593142	0.542228917757359
0.438734704710711	0.442413669065051	0.491256258919124	0.532626784007229	0.521870047665536
0.484120836531165	0.533237697110598	0.800907807741503	0.729112048286846	0.550791138744376
0.515605599785532	0.586866225813239	0.679402793446065	0.616935697480023	0.550791138744376
0.48289417336723	0.54194891695738	0.428412598159749	0.38427206067559	0.553853850105552
0.505598226880673	0.541083323338788	0.576219624870284	0.529360905752184	0.545086373972636
0.578017087183619	0.689871034722398	0.504915368353988	0.542051537301324	0.52294609888958
0.612642819408138	0.771013124517129	0.594193071590177	0.616697815326549	0.52522940108566
0.53795997779176	0.601986418546376	0.450977191731266	0.487943935606228	0.526021483340938
0.452996177994763	0.495663738445446	0.480316835222851	0.522685715330485	0.522158897646525
0.495284316346412	0.489267961794059	0.340038646281926	0.31298159344365	0.543390983003582
0.558415167220583	0.662609637299969	0.554692191458362	0.580657216190636	0.525374025113182
0.534947892085516	0.561556795886576	0.537654728097706	0.571102428177182	0.522696057786118
0.590923793677185	0.647399278424299	0.475371470726687	0.443738908125346	0.538293290143628
0.621555187518936	0.745718637872462	0.902422662910796	0.82765193003938	0.553853850105552
0.478653916352503	0.527279218436086	0.5226469606801	0.549390267046825	0.526462142563358
0.522630124595369	0.54521524143923	0.506719712359841	0.466118022876772	0.542597383958813
0.525614632494259	0.57528268146603	0.512724719856101	0.541707700180528	0.526021483340938
0.507371168011421	0.581524857365833	0.570924772228029	0.592014351375846	0.526846672002587
0.587609800224524	0.807142977466401	0.585562699319958	0.61079451125496	0.524231147721427
0.538575562046132	0.605629972661688	0.724302301058709	0.64823398912335	0.557209887646797
0.495930102307811	0.468245492980406	0.307889651441186	0.277920451930959	0.553275114726364
0.536179292289368	0.579249473336239	0.597119476718106	0.557016368230669	0.537181132316801
0.511502963518462	0.531440066793571	0.481762863243746	0.443914512180701	0.541690785555911
0.517666140975185	0.552673482952845	0.622518594002047	0.565916125811537	0.550182023857801
0.505050584933495	0.508376021072272	0.441284948517183	0.404656979903192	0.541128081844073
0.542760326504201	0.627596740340562	0.68344742189217	0.628030806849543	0.555551539830734
0.571708113703304	0.639879671474967	0.845470767660213	0.752464089059306	0.556584518150893
0.474387131597721	0.481479981771312	0.336402223016548	0.303931445477878	0.548775349976467
0.555108845840573	0.62801943259757	0.516315183200645	0.5395760210275	0.527923653684637
0.470544492476316	0.446249646361734	0.480260187444307	0.429423157258082	0.547452263349479
0.48995566310704	0.527505763456002	0.56324892829443	0.510135185600049	0.548293578793632
0.575694184734734	0.773045219379302	0.538810331992683	0.571617718083121	0.52294609888958
0.518040142424184	0.566819197731055	0.632797812556851	0.578642277352069	0.54675171320742
0.547579999684676	0.594796535806217	0.500608295111143	0.44961674992157	0.554027427363303
0.551406909310953	0.626620745066028	0.6940736128971	0.638938126612335	0.55049840070813
0.576196672137063	0.640831983314998	0.480329038649687	0.438927938078629	0.553895986798891
0.568042976518629	0.63376384036288	0.612025650854796	0.554692095130119	0.55563378633737
0.543145440059678	0.614608263246248	0.700778607340694	0.650726715678211	0.54387421333004
0.555566732463355	0.596229199708196	0.476841163690603	0.436270579463311	0.545570886895008
0.54489252456167	0.575001699266067	0.541136160846156	0.499101901520558	0.546899585612746
0.602447645442124	0.719658118540277	0.628217105996438	0.587301041110543	0.543404048253195
0.521634570566597	0.5773928092506	0.492153871118027	0.449715101359237	0.547645655127624
0.533516247665972	0.629643902203582	0.586539130643934	0.535194907672866	0.553895986798891
0.556704010258124	0.586544010436791	0.381251886188067	0.346553406938244	0.556088466985464
0.563782251004588	0.627317518615159	1.1184470571617	1.02421226630934	0.545386327916495
0.587545402895353	0.72110952370516	0.547425624063045	0.574463223166135	0.52522940108566
0.602763751668969	0.65938587259675	0.677637458627524	0.635408634531589	0.537742776481879
0.479904932184102	0.492945897753326	0.524110650371721	0.477372907574925	0.545570886895008
0.480126479646399	0.486363542466099	0.447872685576107	0.411491806003095	0.543404048253195
0.588549785370779	0.631031414866476	0.890892953764792	0.811598851782872	0.550082796778925
0.557876403466839	0.631123982804073	0.581219229936239	0.597961529117469	0.528237724820117
0.560528493275181	0.685078573683087	0.573845994131906	0.594682056793628	0.526846672002587
0.608972803907835	0.691594923690803	0.473594222392183	0.425859027500074	0.553275114726364
0.607798663085026	0.726231029430351	0.786034859019396	0.70078926436087	0.557795963321143
0.556583528756797	0.590689720732442	0.49981546967708	0.546719275262474	0.518448173844153
0.540734820292203	0.580999983506676	0.50157370139985	0.460586784333588	0.54213588206925
0.446884813349401	0.405605231443051	0.0868527203698642	0.0780418583391988	0.559752426533746
0.51381579375427	0.554372060471296	0.615374861537576	0.563845928212876	0.546510180611498
0.548665721545836	0.678476050854171	0.604203265416642	0.619712157301236	0.528087292624469
0.624292587282056	0.672920690019407	0.381944622439104	0.34989628778534	0.548293578793632
0.582288281572046	0.671305945282622	0.835786329916917	0.760768110752025	0.557209887646797
0.556533984199681	0.627016013219855	0.532919307959509	0.559663400019682	0.526021483340938
0.558827864473015	0.615153321219167	0.67978929024212	0.618709773635702	0.549501681365382
0.475295619714493	0.468753873274595	0.350170779210762	0.309064347203442	0.55810248424622
0.521149404105928	0.554618882653655	0.652356153609469	0.581104112161169	0.557795963321143
0.549370929452672	0.593583064566851	0.487271970171134	0.51483634859535	0.527550594131863
0.542520519104752	0.605665524734239	0.513011916100901	0.464772179196741	0.55028376065659
0.471988650471678	0.49276583678724	0.473197456473636	0.432147401910415	0.545086373972636
0.512956263557726	0.527167798762231	0.33880817786765	0.301727743405073	0.55810248424622
0.537070112128843	0.543740755354913	0.53424885764142	0.483174238921296	0.547946214888507
0.589875707120563	0.663170032117451	0.524327336377561	0.546802951020024	0.527923653684637
0.476082190780702	0.5238086033928	0.208590409562161	0.190395876790927	0.550645829750355
0.577220075446106	0.653128489835415	0.663095240644278	0.606187631848439	0.547912085459279
0.495772864408029	0.499955973891015	0.27896429292645	0.244825160284312	0.559023229673786
0.550335712366354	0.640944274861478	0.875702740888906	0.785358131920919	0.554521669979296
0.570863786009272	0.639972002361637	0.798924519154027	0.708844757756637	0.551812511895378
0.543053682520426	0.561183935997367	0.687514510310799	0.612606440647543	0.558639125389869
0.57028636625036	0.621157985987887	0.681117286934297	0.605748511946356	0.551911369245014
0.449007111449638	0.449231053737458	0.507742563688184	0.536143206344906	0.526462142563358
0.562399301356073	0.627065245028762	0.559612584204711	0.590478591701048	0.522696057786118
0.577661914209864	0.616135795955853	0.195729892782581	0.175609653139439	0.560930393060749
0.490618380743363	0.473623696066209	0.355157218241885	0.316986855184778	0.552302606556584
0.540062725574785	0.568476785238861	0.596010344437104	0.545386004113748	0.540941605835757
0.471310139937411	0.490018312901231	0.486108735315328	0.518638130911262	0.525901272029747
0.468753268435837	0.46098300756799	0.199605778055969	0.178154946188152	0.558639125389869
0.581337436820458	0.62277497924503	0.629010596644063	0.576837646899535	0.543131381429203
0.531983639925258	0.58222851452886	0.623306428624285	0.558244338101838	0.557584822072002
0.468842589448415	0.483372308670347	0.562633683778754	0.502243167284522	0.554750359061914
0.554569525458161	0.651850310788084	0.803731536530006	0.718392582994193	0.553895986798891
0.504701717036718	0.527059243741664	0.437151452224747	0.389497061086137	0.553275114726364
0.553771810418473	0.676840196431282	0.550242012220687	0.574155205984331	0.526462142563358
0.51965831356215	0.554619491812861	0.563124112122988	0.508311834412395	0.554521669979296
0.568550984598802	0.681175582790923	0.793340107641131	0.726965758656052	0.546494141275025
0.567022446650485	0.643294891330138	0.896180426790234	0.805308624209125	0.561153995757714
0.538911554467675	0.579596037674285	0.54651688127305	0.495478499173837	0.546382433293802
0.559241441323173	0.633997303618873	0.611935780035237	0.556392109360246	0.556088466985464
0.505669068422299	0.508422030366108	0.496589183527765	0.550470364672896	0.514881067314304
0.517942281324786	0.573068032639987	0.66035879197695	0.596033370177573	0.553895986798891
0.582876010431859	0.642264637143948	0.651992471435048	0.601858636219728	0.542439936937771
0.517206769996088	0.51768486515575	0.359454056131588	0.323955654434387	0.554521669979296
0.475513004580601	0.492601415124827	0.600766712415738	0.546827302887967	0.544890062510223
0.56124735952409	0.598517315428833	0.519913361246049	0.472843343771182	0.554750359061914
0.577225951897671	0.686061867222796	0.65808269798544	0.612001734904763	0.544402692699929
0.564341085696186	0.64062027459297	0.727574545992023	0.672332337951924	0.543390983003582
0.543581377582021	0.614563065859025	0.725344180892135	0.650808690062895	0.557584822072002
0.42166757624122	0.38200380242043	0.566010210766613	0.488193940012064	0.558639125389869
0.517230440786788	0.550646001179508	0.478390473062577	0.434527067333542	0.55049840070813
0.490436537459637	0.509724356636937	0.425908260789481	0.37554478933941	0.55563378633737
0.593873331952145	0.639397078761841	0.606015057611852	0.550795678308238	0.547946214888507
0.46219377182575	0.480987525366688	0.446048121975673	0.400296176853325	0.553853850105552
0.511887612142932	0.559612883428814	0.543847517111521	0.488499967966115	0.553199526881692
0.551476016986959	0.622830637968785	1.09302259778196	0.988031045768371	0.551499576128346
0.519473502298498	0.619112114231552	0.579929495184819	0.60259999661183	0.525776647522227
0.498002588167884	0.544018917693592	0.516079074637246	0.562376408800637	0.517412096010608
0.570475507829164	0.681301609752207	0.57194389585014	0.595349083489575	0.525776647522227
0.574916481020497	0.662184893804469	0.574417825342487	0.59732507660023	0.525901272029747
0.514059781537189	0.525469318785876	0.38561260318434	0.352372447841464	0.546494141275025
0.536047226157389	0.61023900220453	0.568923814993442	0.501466137986962	0.55563378633737
0.504580501858909	0.563931635587815	0.609130908483551	0.563147792149766	0.546098620762141
0.584788249561608	0.685611576348396	0.783725660141932	0.712339446323551	0.553275114726364
0.531609539242943	0.558285741217543	0.5043289953292	0.45834410500734	0.549420075523522
0.441622748573016	0.46139551307761	0.802650177543859	0.704542819868308	0.557584822072002
0.520617577968377	0.546196602919377	0.532211365349039	0.494278763993828	0.539574905631806
0.518927772875628	0.581915006796039	0.779220709535439	0.710320060653069	0.551612252119523
0.512805742054369	0.565520493292538	0.40077204072271	0.365582901017239	0.552302606556584
0.493943138611218	0.56742795771103	0.501542876813434	0.55112981098804	0.51684213486227
0.508866571866737	0.536544434281306	0.566588675112523	0.5155622472153	0.55028376065659
0.527650339816775	0.549039523254086	0.490944422470642	0.45093214636568	0.546487750305797
0.504012000950341	0.569911613863797	0.738771648340415	0.660176296873687	0.559752426533746
0.503635978134354	0.551190052621298	0.561301103831519	0.497766371804209	0.56350708080667
0.547927203509831	0.570121313693098	0.237130375723279	0.214779591803598	0.552402114432909
0.50574053236544	0.563021458118393	0.421161018116738	0.486526910304054	0.516233037400826
0.547973329868314	0.599870983364566	0.478170907546026	0.521499716444939	0.521870047665536
0.579196026971965	0.67284104251249	0.76724392767094	0.705951517521404	0.549327181227462
0.580410211299086	0.715836717433768	1.5138450859346	1.37843707562375	0.558639125389869
0.494094435600045	0.528527878107422	0.593253422586106	0.533978995369232	0.551612252119523
0.51995586908982	0.543529417134887	0.465361931906746	0.426549290239205	0.546113007963114
0.547041037944869	0.604034574816498	0.277042526371787	0.244391270761873	0.556584518150893
0.523898685776263	0.573928324471971	0.561093776287573	0.508764171314046	0.546113007963114
0.550131721481425	0.624827526661631	0.525473290782709	0.484359203886694	0.547912085459279
0.52766942720689	0.644486785278703	0.465229876491919	0.522127067438408	0.516233037400826
0.531780141917341	0.57486977915195	0.589063437095297	0.532265294834748	0.553486364153921
0.449610164475551	0.407534193484308	0.337345877071974	0.299893459207476	0.549420075523522
0.581063478180733	0.698099510537006	0.516840156374755	0.564027896101788	0.51684213486227
0.615284800488201	0.691070749588032	0.467945677236194	0.503950935007975	0.525513265939255
0.518635743274924	0.521659196259303	0.398633861983641	0.361578006531488	0.544696057605311
0.540719208326759	0.597297936270598	0.518816386951859	0.544245181478885	0.527103745092493
0.573387107198758	0.610474519866733	0.596714215159124	0.54247773262833	0.55028376065659
0.484292986616543	0.495330491065876	0.346947635484096	0.314977925839096	0.546382433293802
0.53427144808645	0.597608592783242	0.669678351942618	0.604953707252806	0.554521669979296
0.460295078590139	0.463319689246887	0.444422340893577	0.40667031427347	0.545570886895008
0.489552712441542	0.498227246458971	0.48698351641706	0.512780097924606	0.528087292624469
0.538206932026107	0.612633054309494	1.17936495897003	1.03320527447289	0.562179480938369
0.48651639962043	0.51048786544996	0.617574335106005	0.558741252013501	0.557209887646797
0.465636096274373	0.479857914467398	0.423609998885355	0.384835266158702	0.547946214888507
0.533145397913122	0.597582303356839	0.719464103090022	0.651408887927627	0.554521669979296
0.527263604140496	0.531328892458276	0.231379389002161	0.207874187390875	0.557584822072002
0.489031908481086	0.54422179199322	0.612768936597398	0.556535359691452	0.552402114432909
0.450982044115152	0.448161455276922	0.139398344948445	0.124896700164669	0.548366339208483
0.607514319563317	0.653452066615457	0.526376566063171	0.467777728357348	0.556088466985464
0.473626681822638	0.52717536622689	0.513181120966358	0.548212139577272	0.523412907059057
0.576527423757313	0.638702411676283	0.670533441668281	0.615305806943174	0.543404048253195
0.572476374571865	0.622602604411617	0.508276847410593	0.536344006444916	0.526563148333194
0.454451801558223	0.477247506419453	0.469836966167202	0.420347287523061	0.548257693389133
0.569014709067803	0.627709790027077	0.581246575319395	0.53349399581874	0.54675171320742
0.5042630489626	0.548893796327009	0.48274915250476	0.439414179258824	0.548366339208483
0.490083808116732	0.499059154285023	0.462824581283199	0.421498446769818	0.545570886895008
0.636886832064614	0.76296983596211	1.45705865531377	1.3354538405645	0.554728689447666
0.604024963710591	0.664382116101613	0.643074300561459	0.600565346505596	0.537927349003522
0.496195656726703	0.534220629570312	0.577525100237701	0.521591962827725	0.550524356087047
0.529812805087792	0.542023810337631	0.547540702725973	0.498961137885333	0.552620472826294
0.480838225387078	0.519809655189431	0.514718467959318	0.472828471290566	0.54302532395144
0.534497723840458	0.599422981832385	0.546504835913279	0.566456768111938	0.528087292624469
0.545364039518222	0.600804815038367	0.56603539092687	0.522200954582507	0.547946214888507
0.443149241697801	0.439705465304551	0.478578990273351	0.5111135802922	0.52624947920195
0.450700286227044	0.431461818976562	0.317003288398759	0.283266546969859	0.557584822072002
0.430786109313888	0.399724649334237	0.461331595720483	0.500738489163155	0.52459106273317
0.551856225275798	0.679383251088768	0.593232448435742	0.61447279301209	0.525901272029747
0.498920980699153	0.510398205315524	0.49656788967638	0.449945025734748	0.546113007963114
0.584197919562885	0.662764784939082	0.779694725900055	0.713888824809056	0.554750359061914
0.508797537582156	0.5417105548962	0.513846848353685	0.469085418900869	0.553041708580805
0.461807440792487	0.537118573133195	0.470144280845306	0.50871423414388	0.524414820732427
0.481677645952135	0.4122082611559	0.462070123131328	0.501822309439222	0.524414820732427
0.540924961813027	0.644251660407753	0.849076345169737	0.774673636771844	0.556584518150893
0.483410067225457	0.569746678220274	0.485880258329349	0.527419333527151	0.522158897646525
0.605458990805476	0.67658545374863	0.607177324453316	0.563180534764569	0.543390983003582
0.526969970373271	0.579364356309805	0.630327750128127	0.57556405306304	0.543131381429203
0.539108486701788	0.546266404668411	0.434154208425337	0.399447740304222	0.539233437202116
0.522732499825131	0.601839062355145	0.529434349238176	0.556267373409886	0.526137487751097
0.397829602893518	0.319841135015333	0.396733598985696	0.465966408344955	0.51684213486227
0.552792854239856	0.582626655041755	0.486185992735417	0.440724961024813	0.548048956109309
0.526510765266427	0.623454205425769	0.495224566689025	0.532649681723437	0.523412907059057
0.498739686597714	0.530668351239766	0.623270916886083	0.556435311082033	0.553486364153921
0.503346246500911	0.515337823501509	0.403475377253955	0.361228970609015	0.553486364153921
0.552636970534171	0.645661647862682	0.801310689606869	0.733086536851817	0.550082796778925
0.56088976782229	0.678486254221638	1.02303624099034	0.947693559961197	0.546494141275025
0.573024548298948	0.654350842843923	0.733079950778583	0.671400476106381	0.551263854508987
0.496976217693173	0.531270722309788	0.52399597988789	0.562045824928855	0.521246857208647
0.527184107001808	0.599130125375802	0.534592416326312	0.587774591485433	0.511490953728605
0.649892819386228	0.894719412926528	0.550347399346496	0.60259433528297	0.510458573143709
0.527000848526472	0.528959433074043	0.342226139969626	0.315953018608385	0.539410152944096
0.533348401430708	0.626063731089893	0.655109821524352	0.593492822554638	0.558639125389869
0.590969385051356	0.645417631182594	0.57707844402907	0.53283695607401	0.543404048253195
0.499769100645115	0.498795670820602	0.424523145029215	0.38664959488058	0.547946214888507
0.567678246304548	0.623473259338986	0.587581436482892	0.541549453351409	0.545722692800331
0.487444513217252	0.511467707298844	0.502705791985684	0.453253486658593	0.548440631543976
0.48618162985096	0.545990962606543	0.454662731004163	0.498622275369122	0.523184815941367
0.526132062382475	0.543926851566277	0.413108204704288	0.37510147476371	0.551263854508987
0.491381775278409	0.51625332521757	0.589462959654777	0.53095909360258	0.546098620762141
0.508496597735553	0.521718386486648	0.463968876152846	0.51490717025485	0.519364734392739
0.553562788623971	0.634127345293558	0.501592970904932	0.533900164696051	0.52522940108566
0.464571473211339	0.477831865712078	0.225360125144473	0.200034754209973	0.558639125389869
0.552510940009214	0.690656264641472	0.545916454128978	0.577404257312908	0.523184815941367
0.539639644665632	0.652554511896129	0.544119722700901	0.578384060760304	0.521870047665536
0.527828942665972	0.543257264132554	0.522214977479263	0.476759877323199	0.55028376065659
0.509776896117437	0.564779263383935	0.585931064451684	0.519319738262887	0.556584518150893
0.549794249162958	0.611866296253911	0.784953940880629	0.714293153741235	0.552402114432909
0.521938675827675	0.56304221689851	0.558376473520009	0.506906273753503	0.54577003074369
0.510431965642613	0.555682163276217	0.619406838170006	0.570454663726905	0.544325068541353
0.547721472554189	0.608078377234735	0.49750504983544	0.4465107425451	0.551911369245014
0.51586509785851	0.584707161724166	0.47003713795404	0.417792290722188	0.560930393060749
0.646242768664479	0.794165905617938	1.1793445754602	1.07000797629418	0.561153995757714
0.510918181969665	0.525821285699508	0.538126406086384	0.489218712856122	0.546595148877602
0.629851211521654	0.779280576293101	0.926103975915272	0.842480526637801	0.557584822072002
0.514471717394782	0.580062032884106	0.511924556377254	0.539580731739736	0.526563148333194
0.436282211666205	0.415870084788017	0.488076783264372	0.516939395360289	0.527103745092493
0.45598544928258	0.369463305619908	0.491608665844243	0.442229578044969	0.553077368336304
0.498643258001285	0.539103632914256	0.535327694780443	0.56760269328738	0.523412907059057
0.486793494168971	0.489664597167136	0.477581642735125	0.417378805274293	0.56350708080667
0.485908256199068	0.518896568112676	0.53951770265709	0.498185483039462	0.542228917757359
0.501752822395919	0.490876547038119	0.394436141646514	0.358883086770222	0.543390983003582
0.484023749344454	0.516709789432961	0.496161931664361	0.532022845911607	0.524039608246999
0.552362887379713	0.566116413573423	0.475298625882714	0.432887235410722	0.547452263349479
0.509858852115536	0.611642779045316	0.535988002217348	0.562406513397652	0.526021483340938
0.512321885262082	0.556414140791604	0.43091217441279	0.390929176080953	0.553895986798891
0.61536181477425	0.840688010780806	0.614650440559803	0.657679688587766	0.510458573143709
0.473368037904125	0.484748287261244	0.508906459350773	0.53471822877459	0.527337496843353
0.48790175983704	0.499961509266872	0.519599397754005	0.47655690359385	0.540741884282919
0.515951085251648	0.529920973716531	0.540759473672591	0.481145936726289	0.549420075523522
0.516752492572305	0.560948011306047	0.450285635925491	0.401541440857697	0.559023229673786
0.537810766340957	0.554237749873608	0.176730063623601	0.160131687730159	0.55563378633737
0.489049962564065	0.529790664933825	0.569125819859894	0.510361714002961	0.550791138744376
0.565166583813158	0.612575057625113	0.500854096229284	0.46267699269297	0.552302606556584
0.568921361799296	0.664585439207899	0.918157897074255	0.83412371526597	0.558639125389869
0.511836054881062	0.530227291603433	0.338893192911436	0.309938389998659	0.558639125389869
0.514344444207103	0.543076648354803	0.559271002986309	0.508971165645028	0.551499576128346
0.538587204814851	0.579068849306023	0.457207921109016	0.41746062377597	0.548293578793632
0.553925004244642	0.610351836515738	0.683140450683465	0.620215803901809	0.553199526881692
0.454480584665528	0.47539492182768	0.437689070524317	0.398429657102417	0.546494141275025
0.586468052125876	0.658140794970534	0.686741524023647	0.623627158701963	0.547645655127624
0.596659682374177	0.721525783375904	0.563473405506564	0.583461054289692	0.527550594131863
0.520570416148633	0.539913774321285	0.51458831382801	0.538021768186156	0.527923653684637
0.490115922685598	0.474001691418402	0.223918306716958	0.201193688556216	0.553275114726364
0.497108637198106	0.450417263600238	0.152152882335469	0.138790980120055	0.551911369245014
0.554008369768586	0.606158489314784	0.542231146311622	0.498979796121692	0.546098620762141
0.523118045537836	0.55141708111463	0.462050332512623	0.414339109106442	0.55810248424622
0.48327678608205	0.488362755349405	0.501785850021542	0.52772432481474	0.527550594131863
0.494515081154259	0.521463263587706	0.530010606749286	0.487155181696791	0.542104204996373
0.569285837963671	0.628008868668162	0.557159186961698	0.503597059763702	0.548635451738003
0.563236026026486	0.644083773084534	0.716616863202684	0.656191263206075	0.545570886895008
0.503723918456559	0.513734441556172	0.473902697238848	0.439257149689102	0.538934100968756
0.455139222002605	0.529010224782875	0.501140465241769	0.547838253018295	0.518448173844153
0.479174309432299	0.50794197501332	0.481528042509833	0.438619019464944	0.545386327916495
0.53508719860965	0.565452582852951	0.514194239806816	0.46742298336458	0.553077368336304
0.562428493576266	0.649619337467607	0.660356165292014	0.608109110535987	0.549420075523522
0.482051999974767	0.486351016008629	0.507094120000029	0.536135988914204	0.52624947920195
0.520406576339162	0.571975105972842	0.566107241940864	0.516359757971311	0.553199526881692
0.553508884409927	0.615766120682695	0.551463562896717	0.509172553871291	0.547589340521879
0.50030348519934	0.532327383789177	0.61759686246378	0.567546238935839	0.546098620762141
0.529504528336942	0.547330303920719	0.485653061103403	0.445908470605377	0.544321497895929
0.589908109698134	0.722833967030694	0.550475398186942	0.584533874899955	0.521566395157487
0.47232227672623	0.485900264683362	0.469259881027818	0.512098406962382	0.522696057786118
0.57687064436518	0.712495019879189	0.770473251838803	0.706847368759132	0.556088466985464
0.547404361558205	0.588642886613722	0.612942546204595	0.559357180074964	0.548293578793632
0.502447463385319	0.514155561316915	0.542760663925818	0.488713371285249	0.54675171320742
0.496940383664101	0.52421849001613	0.471427800561038	0.438108217670673	0.539375977984428
0.46405029767906	0.461586574011609	0.34084693463402	0.305080475759924	0.553199526881692
0.525352850343616	0.561230715986852	0.180724813315458	0.163234629365038	0.548366339208483
0.624596057511085	0.709744996496533	0.668818051594502	0.619972164513539	0.547946214888507
0.563751181449023	0.607551456583419	0.535323032262718	0.492529295384129	0.546494141275025
0.469772410128791	0.460060706392688	0.548976942878743	0.470748342108451	0.559023229673786
0.540348473504369	0.615867670942627	0.627144725533051	0.565304503669523	0.562179480938369
0.5409818363806	0.602335236976264	0.375003889843039	0.344472660452452	0.554728689447666
0.527011238851371	0.56974199557709	0.496892873319612	0.446366022209935	0.551812511895378
0.537822037232926	0.606374644946215	0.513175024274515	0.542724606415121	0.525776647522227
0.519334924851671	0.582640116906165	0.508874695585142	0.553508588791273	0.5189201310748
0.567687170015334	0.684955966918682	0.641520272310052	0.5859396585485	0.553077368336304
0.515825088710102	0.506811306000207	0.520828098120379	0.55116903763146	0.52507910886314
0.489347452306561	0.525063835713126	0.458838923805324	0.505903317337143	0.521566395157487
0.601675990926441	0.701920621530943	0.821164791402715	0.754681493882378	0.554728689447666
0.55303152899397	0.600803138863367	0.636907786350909	0.571266833777217	0.562179480938369
0.486664392452411	0.517073401785496	0.461961974916034	0.414991154818138	0.557795963321143
0.502703170160455	0.542227772623803	0.563872247854089	0.520124601233776	0.545570886895008
0.443510151758763	0.42644523495394	0.381967111843471	0.340039530452068	0.557795963321143
0.570307507521899	0.631870220415844	0.49680100681426	0.524647126251904	0.527103745092493
0.475640219867179	0.522333827614609	0.284941983699659	0.260152587974685	0.549467314022794
0.462831910055173	0.41140641710566	0.500508702325432	0.537213958554215	0.523412907059057
0.530831966037635	0.573075131479766	0.527069578258846	0.557044957290173	0.5249228434797
0.500348318624086	0.509186981238106	0.332167612274254	0.306011058970297	0.542439936937771
0.539487274357674	0.614811664413998	0.64229240147331	0.596245228878733	0.544696057605311
0.47769994880814	0.481063778157334	0.426853151927114	0.384611877262825	0.545019659605606
0.488470474835091	0.494622490661292	0.483247076018015	0.443259485591968	0.546595148877602
0.486504815876276	0.557696670572015	0.548209660657502	0.578536939954718	0.523631015086528
0.511941227810709	0.543217749673826	0.512363650595656	0.46673782226784	0.547946214888507
0.539249399683256	0.622867173732433	0.675577031950954	0.624343035237221	0.549467314022794
0.512978459306502	0.52287751564242	0.510207635895448	0.536557110040955	0.527103745092493
0.489701499190965	0.517103235001928	0.515955259772083	0.474070186498765	0.546494141275025
0.537571993873359	0.558649030140761	0.473327226623766	0.431345605347963	0.547589340521879
0.506280184839965	0.54930866238064	0.271363007364734	0.248825726667047	0.544402692699929
0.527254126348301	0.579428982186382	0.436404584394999	0.398641544840812	0.549467314022794
0.481631388751793	0.498589814713211	0.445351061847146	0.40992240145911	0.546494141275025
0.549285530819601	0.587182190403356	0.512175380928774	0.540633033542292	0.52624947920195
0.552126934474537	0.637897623190788	0.738370064188079	0.675455026583701	0.552402114432909
0.53462251512518	0.613707953868908	0.622541472286832	0.578934607952235	0.546098620762141
0.462030669433851	0.486068075830741	0.477851798817573	0.435927675617802	0.538293290143628
0.597742829780913	0.648912175960131	0.353997255813241	0.320040557133552	0.550645829750355
0.591369347923663	0.65768478809769	0.595076596120068	0.54917088295582	0.543131381429203
0.552209730124578	0.692909360760264	0.566259871180159	0.5934227512415	0.524231147721427
0.479212431910647	0.511983144800105	0.504022667681966	0.45680986301957	0.552402114432909
0.536598541241921	0.596264596413662	0.53233060396517	0.555736850855598	0.527337496843353
0.47390936443495	0.478135090522244	0.483013369306214	0.42983561330775	0.546494141275025
0.547872865889004	0.623834426092553	0.630095935479508	0.564142031469312	0.561153995757714
0.55904726907173	0.727196237951608	0.485902786317582	0.525693979447139	0.52294609888958
0.522907094785909	0.589891747756541	0.563636650863312	0.591851220022834	0.523839732922601
0.482817028310633	0.537271810250858	0.737091429539076	0.666250885245702	0.557209887646797
0.507370666254162	0.517483917147988	0.536822381814754	0.489954342049688	0.539574905631806
0.495208123997906	0.533304329108641	0.63316042124328	0.567312023029155	0.55563378633737
0.486955614291095	0.528956414001597	0.456948342967552	0.486888502353432	0.527923653684637
0.535426027753435	0.614389079669872	0.672508481410478	0.603617155232832	0.55810248424622
0.528668429520339	0.508238355233756	0.371608484675025	0.340621736844195	0.540475558870087
0.523338248912712	0.528167062174458	0.119704990438703	0.108221911645269	0.556088466985464
0.473616777296178	0.443062229670125	0.476384108311187	0.42255082004682	0.556353045275463
0.605469066461967	0.728677515799526	0.486316011567301	0.534450849400114	0.5189201310748
0.463490938865837	0.48757998270379	0.490012417682815	0.441573247223611	0.553199526881692
0.533795246241101	0.612238316698976	0.515339305227651	0.545624855069247	0.525374025113182
0.539245144919142	0.636707330284832	0.420009115816276	0.373504190161505	0.560930393060749
0.483658608005467	0.562145514606374	0.52268297720801	0.549691516544979	0.526357640184358
0.54466167132303	0.597372183715242	0.0211244160837212	0.0202405129866413	0.55563378633737
0.493663938663624	0.578402595727196	0.519442612375551	0.549592165616179	0.52522940108566
0.557796345701968	0.638295843042134	0.980086463049112	0.894052576909616	0.550082796778925
0.513733257611364	0.530808875504051	0.536944079239663	0.490396140844729	0.545570886895008
0.521863200775944	0.592860801464015	0.817179260372827	0.733813013086717	0.556088466985464
0.48493458927386	0.571509315498143	0.709577507795736	0.642891219183785	0.553853850105552
0.503228355766106	0.511128346917846	0.339528246554854	0.307491845892281	0.559023229673786
0.513637545371252	0.603525431130646	0.525919473872617	0.552050889829466	0.526563148333194
0.544530210744975	0.564088776393084	0.465722919941718	0.41742973189066	0.550182023857801
0.577124394556863	0.598062203689415	0.549723564782743	0.507873702697524	0.539262655960515
0.483072217783756	0.495853512449652	0.637925056304113	0.555379533976991	0.562179480938369
0.598130457978514	0.65456237012459	0.484384993115156	0.444309420854378	0.545019659605606
0.498107554938368	0.54274176234176	0.585203606025314	0.525890755073707	0.553853850105552
0.570262190783162	0.653428567700131	0.704193358469211	0.641021316718921	0.55810248424622
0.520429638079015	0.525979203928432	0.528378088138352	0.459712570296615	0.554750359061914
0.546050248205415	0.545699012078843	0.563313647070644	0.589039913700681	0.52507910886314
0.512143355995693	0.539352348315333	0.45777562569488	0.414587241187281	0.549357036289163
0.514467062566859	0.584752165187455	0.519662501893277	0.544341997519646	0.527337496843353
0.464925706577936	0.415519570544414	0.368018181605948	0.328034677835987	0.555551539830734
0.502692595365538	0.553939358064637	0.498189421744569	0.537357957738296	0.522433933216851
0.550196967834878	0.581239305404771	0.459641851072835	0.41956153197879	0.545969827595227
0.526435360099193	0.564135420047249	0.540053000366922	0.487750646967337	0.553853850105552
0.574139321655272	0.681309190640639	0.540216353412736	0.483619907633565	0.56350708080667
0.497640255781955	0.514367950912877	0.418190070966504	0.37654472109529	0.55028376065659
0.530067186960074	0.608014549828419	0.661248018701066	0.608965150319719	0.545086373972636
0.527634369014474	0.587915926667189	0.607024028454696	0.539801251989724	0.556353045275463
0.562519600274413	0.674845983069818	0.531624965334709	0.562207435801378	0.524414820732427
0.580668385124219	0.643308635938211	0.553699113878447	0.502807439627168	0.553199526881692
0.506175022063262	0.559224033989011	0.627443314080639	0.570530895488038	0.55028376065659
0.458798469559092	0.457689860107935	0.488112338367384	0.445399417955317	0.547452263349479
0.446082698379735	0.463115605942412	0.502265753807013	0.549722500697375	0.517946411642854
0.491403848914787	0.475028161699881	0.468430905569951	0.423680367599018	0.553275114726364
0.590810251873981	0.739322848627064	0.597394699778743	0.627262392288433	0.520910244545655
0.505382270409259	0.524151298186382	0.419991798379826	0.370562384842135	0.55563378633737
0.555874827713166	0.639650727807488	0.52780395380951	0.555099210905526	0.526021483340938
0.462391380469497	0.481218935378057	0.165071681593856	0.150442630472961	0.548971614619562
0.5450184685386	0.605903462182999	0.581795315106488	0.528756885385059	0.556088466985464
0.563479000735466	0.677097766192987	0.949904973228049	0.872732904262291	0.545386327916495
0.502321683345918	0.508303159556857	0.506482635977209	0.447641557161335	0.556088466985464
0.534556594272747	0.600104892786756	0.209129479202094	0.190247386080964	0.553895986798891
0.562812344253729	0.594342447513903	0.57120985218347	0.614895017329286	0.514128554714838
0.513714109789185	0.54308412921674	0.399364144667433	0.352424900269895	0.562179480938369
0.46224326845732	0.439991393542528	0.311306009679225	0.284351421220076	0.546595148877602
0.49106042440871	0.497094308628169	0.417684803334265	0.375310199134769	0.546853262084799
0.581294024067882	0.647325032738369	0.562447647216225	0.517281711895246	0.546595148877602
0.614035700042584	0.693766812930402	0.750732755520592	0.670462642117732	0.558639125389869
0.540127779312449	0.580491416046214	0.535828241696151	0.498516857542237	0.542742154512044
0.463038889417151	0.483697026477597	0.368228740016631	0.332729002803769	0.551612252119523
0.497076608968202	0.560573317495638	0.390702521771297	0.355426268429912	0.55049840070813
0.465792362596807	0.505552457576043	0.672649149990561	0.603182380960533	0.544402692699929
0.506476693708961	0.502579555580999	0.35965288653809	0.317174216321936	0.561153995757714
0.526370783496816	0.534239252820383	0.362624682426099	0.330255816011748	0.543131381429203
0.550040148699703	0.60024970662506	0.633085650951248	0.567245323935567	0.558639125389869
0.502100498861977	0.517292529620991	0.549234278640252	0.578215735595561	0.524231147721427
0.49301295748525	0.490911195303275	0.508320215072151	0.536933985043768	0.526357640184358
0.447722904273187	0.499125188999781	0.53585294750958	0.572343304504806	0.521246857208647
0.556690374739443	0.620797279828056	0.564870277779983	0.591103257737066	0.524760278233393
0.470957632532949	0.456189039550499	0.765982480700183	0.682003739510304	0.556088466985464
0.495104893928597	0.553996538093893	0.550005173029078	0.569207466308003	0.528237724820117
0.456595558358123	0.435995719473732	0.474736767860538	0.521419856282615	0.52055524824549
0.498932621369413	0.524999046118933	0.497311614558074	0.451686468102658	0.549420075523522
0.479360957395958	0.466604360825066	0.0813202549699744	0.0728636816826127	0.547912085459279
0.51308320089884	0.556969917552448	0.579640013420111	0.528580626513886	0.552620472826294
0.510756254112427	0.571404863810358	0.686236974884273	0.614624502617355	0.549501681365382
0.518555381895237	0.544872510827783	0.543205970683135	0.572858433807954	0.524231147721427
0.568740534425707	0.637584016005496	0.695374189338126	0.636093745425545	0.545570886895008
0.569225426211478	0.651066941728512	0.580193833834438	0.523661726068386	0.553853850105552
0.511685843941204	0.58165058329899	0.741339203363972	0.683503215074981	0.55028376065659
0.567977508557821	0.632715202858803	0.731427659968303	0.664551591671175	0.559023229673786
0.54048398708488	0.551047894876155	0.442259092798493	0.406806942525056	0.541111563821482
0.511524889502197	0.559374897137304	0.495024338121799	0.520500017779399	0.527923653684637
0.460609071021648	0.438426315355676	0.459216058425984	0.498493123512802	0.524760278233393
0.493941862685428	0.47945965705512	0.43973967574531	0.403975483790739	0.539123943511656
0.603383745963089	0.706961259811169	0.504208650097726	0.534187659846187	0.526021483340938
0.541823533285998	0.59875828319687	0.640798303002326	0.578383769398369	0.553853850105552
0.548368061366627	0.594453064391804	0.48738600838254	0.516330576162193	0.527103745092493
0.476317016393094	0.510987432197039	0.506636370756697	0.537619432145651	0.525513265939255
0.520996966340437	0.62550569832305	0.579828634065131	0.610488153864261	0.521566395157487
0.519508383308653	0.53965309832721	0.192140897120406	0.173640359887869	0.550645829750355
0.580582389911187	0.649304242538802	0.863982509218668	0.797635589648619	0.548257693389133
0.513171512733613	0.565148876734877	0.0334930344268484	0.0313841671374693	0.556584518150893
0.526633869692769	0.607971195406464	0.496948722256227	0.535176750134337	0.52294609888958
0.554381088634542	0.603267431916928	0.550566586487951	0.498199488738106	0.549327181227462
0.459570613928532	0.490840016275679	0.509417503100963	0.461625451272236	0.550524356087047
0.538087146914313	0.548924172607786	0.637415428081801	0.572208239780931	0.551263854508987
0.498706512440673	0.496757646836338	0.375927993217586	0.34039466526778	0.545019659605606
0.499229256143673	0.546428069241753	0.548001210636667	0.501029886490341	0.542439936937771
0.54609668725881	0.620589998185855	0.814723049458405	0.739271717611217	0.55810248424622
0.586777866466789	0.623056356416362	0.510450695782928	0.46424334706889	0.545086373972636
0.517973920685473	0.522101066189377	0.429229824896181	0.390634464784622	0.546487750305797
0.500770082662175	0.504825062175022	0.534686513983182	0.467118118315803	0.556584518150893
0.430302427710517	0.407557293626352	0.474014407164232	0.506528360091989	0.526462142563358
0.499351834267838	0.56908193447767	0.519356908086308	0.54543560002753	0.526846672002587
0.555559094628077	0.622891007507712	0.497548130402124	0.457068292000919	0.551263854508987
0.593949735825546	0.66345801628676	0.599102901136572	0.550139724731187	0.553486364153921
0.559729190840038	0.682448612076173	0.539546301601486	0.576193654919947	0.520910244545655
0.496667301197626	0.554170184776164	0.473266258161964	0.520969577126107	0.520180424409574
0.52150341575489	0.589388228006509	0.537444993116618	0.481969399792725	0.562179480938369
0.566183099493434	0.640096906761018	0.592156408028384	0.536714527213499	0.553853850105552
0.513771278139015	0.520931526928824	0.378724590349988	0.342363516514013	0.550182023857801
0.551903393413512	0.616199072934423	0.57311662309813	0.527337783015167	0.547645655127624
0.54873545008293	0.616864515950349	0.662795395224408	0.59671044961856	0.55810248424622
0.466324128438177	0.450961836914198	0.157021345788316	0.141371350944143	0.553077368336304
0.545168870012668	0.59210099781971	0.614514615063773	0.564161096714307	0.544405694957851
0.517177148716044	0.542973603680892	0.630840092482996	0.574401056681567	0.555551539830734
0.461884077839235	0.455662942860761	0.377687454495155	0.338093673051367	0.552402114432909
0.473012735388711	0.473768233486692	0.23211346821457	0.210081547561064	0.549357036289163
0.551939847194713	0.592602246471221	0.619063482116069	0.568542997452816	0.549420075523522
0.58409222482802	0.68640298810949	0.68025093975662	0.616304691616902	0.553486364153921
0.507933706610261	0.556483995155154	0.702745438981428	0.6294589840284	0.553486364153921
0.50899384942517	0.568444117293483	0.566560275124289	0.515230338195252	0.551812511895378
0.544805510087648	0.577602005737668	0.530729034639176	0.481336778412021	0.551612252119523
0.555188369358577	0.602142254154212	0.692680260679151	0.630033015375849	0.548366339208483
0.524529357396816	0.532007246355857	0.245020278155838	0.218294124742864	0.551911369245014
0.51391485314844	0.51409366897004	0.28608101483709	0.25853208947063	0.554521669979296
0.498379695137935	0.533770257453027	0.484391804422404	0.51714137527064	0.525901272029747
0.547898114405583	0.570249735767871	0.220622765513726	0.199608260742159	0.556353045275463
0.452439717219664	0.433783835636477	0.476003423109526	0.421701997497339	0.556353045275463
0.534609515035442	0.614691997575656	0.63831102548938	0.567372297853323	0.560930393060749
0.533097991700299	0.587712994557651	0.528147841833064	0.561293294027121	0.523412907059057
0.523677855308319	0.560137582859371	0.45208274214366	0.412301058532792	0.552302606556584
0.479732124529584	0.502338949758133	0.463168480692431	0.422666347858756	0.545086373972636
0.483706452225377	0.496740516837461	0.409973280717131	0.367976501969432	0.556584518150893
0.584753901914448	0.645677592072166	0.557259853118164	0.512347253976587	0.546899585612746
0.563965117814157	0.683820694179091	1.22610519104029	1.10345172287151	0.562179480938369
0.497469370253997	0.517838274789018	0.468087176630175	0.430907022905202	0.541111563821482
0.533032707168202	0.587274305061168	0.572050614174551	0.517765810938626	0.55810248424622
0.504378523318448	0.540479492930924	0.467576514145567	0.425021229089849	0.549357036289163
0.481003939034067	0.485183951267244	0.393660060409364	0.358111059257517	0.549420075523522
0.491652604937991	0.598183621085935	0.531032657298775	0.557694544773197	0.526137487751097
0.543787439108644	0.594037948539012	0.538169775936256	0.563807988456262	0.52624947920195
0.541541713613713	0.604153785019198	0.455048831491797	0.413490510589585	0.548366339208483
0.507826804076633	0.551097469221107	0.581492346179518	0.537824879914422	0.539197809782398
0.560912895342313	0.72931610153232	0.475960759059173	0.511238284524163	0.525374025113182
0.495316395261104	0.471594169249493	0.491906000198976	0.447301785086631	0.552620472826294
0.531042876457008	0.611598862738906	0.571031800190244	0.60797492797334	0.518448173844153
0.520928649638655	0.554027563417578	0.428794319051651	0.387854919944225	0.550524356087047
0.556775590906988	0.679788812944634	0.609275731365093	0.553659645065039	0.556353045275463
0.487061999952362	0.457924260685682	0.503892761382819	0.53666010087632	0.5249228434797
0.503369173409557	0.570213584004396	0.557820046174479	0.515299554449607	0.547645655127624
0.595620757400371	0.691893084019799	0.113960284493695	0.104371441991078	0.55563378633737
0.533227038195181	0.565884604979491	0.470120733040826	0.431306567556987	0.553199526881692
0.559206243506049	0.725677342570441	0.562985934222328	0.592104346564582	0.523412907059057
0.509672255427782	0.604440471904937	0.492045104548745	0.526732340860024	0.524760278233393
0.450235200703796	0.4347846935891	0.500612225115603	0.541264082132321	0.521566395157487
0.546473872535326	0.645858640869722	0.539180896488019	0.56133768931711	0.527550594131863
0.504898953769115	0.661060368091333	0.557463694478487	0.600812272517218	0.515580848122444
0.526388487174372	0.583772331243305	0.552268489620256	0.580167524755315	0.52459106273317
0.496543751965506	0.527988536442397	0.726308893311395	0.661945565132257	0.546853262084799
0.505384503132786	0.463698678541328	0.413050688161403	0.463481108536554	0.523412907059057
0.493391180672517	0.534718408127474	0.461841608206621	0.513143215687821	0.519364734392739
0.568487921938453	0.651281318819085	0.766750935164278	0.717597446336585	0.540741884282919
0.49073747505055	0.531619625816301	0.502292386887815	0.457397062224065	0.554728689447666
0.515811066208899	0.571662894989573	0.59706584747846	0.534171721844978	0.554521669979296
0.551070282348024	0.624696772936659	0.577261594244267	0.595150038414559	0.527923653684637
0.524142398496474	0.54771544782011	0.503073646233284	0.454636197781863	0.553853850105552
0.592863421235818	0.682513534097416	0.709892644958107	0.641418094246249	0.556353045275463
0.519662229443537	0.543321710491935	0.366346774234647	0.334381855971632	0.548293578793632
0.494681587827428	0.490855985577939	0.455451340815806	0.41282044693584	0.547645655127624
0.522562332876501	0.559264333979317	0.415885753538561	0.370562543619115	0.556088466985464
0.505753461838149	0.543631465479297	0.498351459100401	0.457494533373729	0.54387421333004
0.494644014789052	0.512236927780322	0.523211953605118	0.471567421755196	0.54969508104467
0.471964208242847	0.484843969638434	0.399039988057205	0.364346662106531	0.549357036289163
0.547992993728502	0.662092535716817	0.951833274083464	0.856203351745104	0.558639125389869
0.516504434203667	0.569419013753087	0.572385637062308	0.519906593382497	0.557584822072002
0.449921238794958	0.467834538370159	0.289682141904001	0.257690057012366	0.557584822072002
0.528842650575881	0.594076021914611	0.710273433400056	0.627588294432581	0.56350708080667
0.496046781781624	0.52664227263723	0.45783137385312	0.41756711380181	0.547645655127624
0.606456747532771	0.647872271579671	0.617021687621084	0.58229802791951	0.533818268721339
0.553452142088376	0.622935121123455	0.490108190452668	0.460763929839032	0.541643889052101
0.584016087699369	0.691205813075693	0.744664144384649	0.680632527336572	0.551911369245014
0.512624410660718	0.544353136672879	0.591852638593662	0.533894019516253	0.561153995757714
0.506657469371965	0.569980036482606	0.549214118022926	0.502622201632006	0.548971614619562
0.501660032244114	0.535020080031266	0.600324422360511	0.537964555798773	0.556584518150893
0.516109969018285	0.568893006283714	0.52060478505315	0.548993448511368	0.525901272029747
0.521131174673181	0.557165552639249	0.534068143028992	0.489190851874817	0.55028376065659
0.504295229316236	0.526087785522817	0.519670385586959	0.4730394755116	0.549501681365382
0.437973373377486	0.371406140795095	0.0889880361364395	0.0793984311604173	0.554750359061914
0.539884263839833	0.612208821875239	0.650993449113775	0.582219732050004	0.555551539830734
0.584021537857518	0.661802408004894	0.677005749024076	0.628589834835065	0.545570886895008
0.489225371046946	0.496915797887536	0.449157912408159	0.416784798609155	0.539410152944096
0.515559843778932	0.547755302776448	0.535293894051455	0.485601700888411	0.546382433293802
0.502373811935998	0.554078394879851	0.372547950570776	0.338395871458347	0.557584822072002
0.540634496595358	0.608604395265381	0.624277707752813	0.568413802429648	0.551263854508987
0.461328117311565	0.444140090718914	0.336757996580337	0.307060923184154	0.541128081844073
0.458690611876568	0.382434622923538	0.494241303957419	0.443049982255978	0.561153995757714
0.440943558659594	0.369536676150718	0.236844239309963	0.211362871449625	0.561153995757714
0.522382706590345	0.565146541797301	0.706935136666924	0.639013214087923	0.546853262084799
0.566107789241148	0.612887617504628	0.497783674473681	0.450818728824368	0.556353045275463
0.455374171876878	0.460881159981545	0.484467314165737	0.524465933331564	0.52294609888958
0.5161285051464	0.547786613040416	0.698186184351339	0.630796642917147	0.553275114726364
0.436387236312389	0.504828014157643	0.474133924576775	0.528300322725221	0.51684213486227
0.562806787037939	0.581811953958118	0.501883798406973	0.535295769797106	0.524760278233393
0.511981658188877	0.522581219762982	0.31591916879838	0.277877394958885	0.556353045275463
0.534188872017644	0.600768691950807	0.644566905108545	0.573176742552231	0.559752426533746
0.45179584138158	0.412368029587603	0.476807473964591	0.42191973492332	0.556584518150893
0.558068511309676	0.636744598622513	0.763932433565374	0.693585383100357	0.551812511895378
0.498232973807242	0.534855298711682	0.41364139712049	0.374554081051243	0.553199526881692
0.530514615419	0.615806627403707	1.19975780975094	1.06093088962834	0.559752426533746
0.557539138691893	0.625768438249738	0.732126029059424	0.65594326599244	0.555551539830734
0.517913760016779	0.559967193110831	0.636278135798034	0.583006249809515	0.546853262084799
0.548969572990039	0.605499412769707	-0.0662116380419467	-0.0573976110518551	0.55563378633737
0.525024214064504	0.544420805609807	0.538022735138348	0.477539110932251	0.558639125389869
0.481653668492833	0.501781563724169	0.264203039063107	0.23772256262087	0.553853850105552
0.547372935135694	0.599176258999999	0.567439924243205	0.510701586531683	0.550981221336384
0.526503098391931	0.574089810189293	0.648727445274749	0.585268205031713	0.55028376065659
0.534936866874153	0.663447739507317	0.539951166937156	0.573119670125645	0.522696057786118
0.527732077862012	0.583541361281654	0.600467494113364	0.551782546584574	0.546899585612746
0.518663501176272	0.547942300651926	0.565881282726894	0.519831107437947	0.545019659605606
0.559678894401959	0.586408748397913	0.344633799893403	0.313250808655869	0.549357036289163
0.470701257189185	0.537781089075736	0.447768072857085	0.500636750106612	0.519784176429582
0.543340361459404	0.587426169830997	0.617986051154867	0.570268845330008	0.54213588206925
0.496903334042218	0.58712979221094	1.10664100251028	0.993702569759971	0.556584518150893
0.55789500504453	0.672419060247528	0.887826169748553	0.787836514256232	0.56350708080667
0.556576001016135	0.65431536479799	0.521370252724044	0.551647680155704	0.52507910886314
0.543683892519444	0.562780948053787	0.531962718797321	0.56290589975935	0.524231147721427
0.518468249135417	0.587567712011782	0.893602313084069	0.796679806595248	0.559752426533746
0.592288377524694	0.642339327617988	0.612571369690484	0.569174870179023	0.54026362418045
0.528689751074204	0.569121300604978	0.556750465142802	0.511273938275173	0.544238487704586
0.555231521805983	0.605000818850697	0.58025966835777	0.528783512211387	0.549420075523522
0.50540116961217	0.525774737150457	0.476134522003585	0.433748895981309	0.543018388241462
0.526514937835619	0.561166651802417	0.619079382849369	0.562909469967295	0.546494141275025
0.536309876857663	0.598980207316201	0.626819572714371	0.575767085212012	0.546382433293802
0.467276556591723	0.446757804434406	0.447394475218021	0.40584489191502	0.546899585612746
0.422212009280948	0.361851692335517	0.30159116297431	0.268699144769913	0.544696057605311
0.593332804723079	0.682062901864689	0.881073060926736	0.804004758022823	0.546853262084799
0.518466883348066	0.574570758618543	0.639276191768125	0.591990563341575	0.542228917757359
0.50168819949447	0.546614764722432	0.642076251129679	0.570408913275654	0.56350708080667
0.527333463763527	0.564935169792657	0.495888003506413	0.521855249593976	0.527745323015366
0.572522016047677	0.641836244576558	1.07440074125804	0.966742029926713	0.549467314022794
0.437700156191551	0.398643057220596	0.489267690027806	0.53443703766461	0.520180424409574
0.535503165877762	0.582871640194733	0.557344759685443	0.510723539106201	0.544453650613355
0.468959421480387	0.472444244201233	0.508135932219677	0.540760398529982	0.524760278233393
0.516336203323951	0.544184398997469	0.471287494800087	0.430512363292872	0.547589340521879
0.527439527822096	0.533589800473185	0.461019636241366	0.416961679869954	0.54969508104467
0.508991849409509	0.575735859923589	0.655872663373093	0.584698509005153	0.55810248424622
0.547730012525611	0.627038771106383	0.64267014112747	0.578313367824345	0.557795963321143
0.46512447185409	0.463876857805463	0.449554639916399	0.401500094549398	0.551263854508987
0.529906823038247	0.593829448051471	0.705294698191773	0.652626872690659	0.541690785555911
0.547277066078688	0.593790283404603	0.588087296231275	0.52688301197584	0.552302606556584
0.487751849668638	0.58394663138666	0.520879420252459	0.569618267291068	0.515580848122444
0.478941235562427	0.46270889057953	0.486902683832105	0.529564545155289	0.521566395157487
0.473897178120613	0.500907631574034	0.222454992743108	0.193840268488943	0.562179480938369
0.535910984666684	0.582288016089794	0.483921534722691	0.444562566440064	0.546853262084799
0.505235050644202	0.558048494829337	0.649427270319306	0.58965900151951	0.550645829750355
0.531354192230326	0.552354495531255	0.556239780024582	0.506062891515553	0.547645655127624
0.522075438888552	0.549722879496555	0.568393266935629	0.523457611587662	0.538868216061042
0.533471312690885	0.630127377242193	0.525405656654286	0.553875040505169	0.525647390180549
0.517958310486363	0.581863650381014	0.487560373905434	0.446525525649156	0.55049840070813
0.536288000757576	0.577009866962676	0.510485017750901	0.470103557961577	0.544238487704586
0.48659070987291	0.538457053261027	0.827705260874807	0.743090382478852	0.550645829750355
0.575318254430547	0.673333416334304	0.737437613883766	0.677866343541638	0.554750359061914
0.45553984128315	0.444413021867414	0.537602866489992	0.482635798364607	0.553077368336304
0.547756134966263	0.590529723499489	0.666225941820071	0.60568552382362	0.548257693389133
0.523525696604161	0.532045507329371	0.544103863417797	0.581500525616946	0.520180424409574
0.500686249848248	0.536949742205752	0.450306031406387	0.406628428257708	0.549501681365382
0.497154623447964	0.723058960241877	0.429406779071314	0.497233542703863	0.514128554714838
0.522335354369246	0.52445885332551	0.429950866864944	0.393004689679354	0.546676141418326
0.495673700674284	0.515059866646952	0.507504570749415	0.464790962470972	0.545570886895008
0.527128909524139	0.5802021203708	0.787909315678986	0.699410375710584	0.554728689447666
0.516046283211661	0.538253260114862	0.574364604870585	0.519775723783546	0.554750359061914
0.507043926721976	0.561145724838472	0.526674904668155	0.485344026408892	0.545386327916495
0.57050504717924	0.62373411017633	0.597014973400531	0.54277341390108	0.55028376065659
0.562114646616986	0.623928304568019	0.670355818458203	0.620288735847608	0.548971614619562
0.556852600198471	0.688811501517021	0.557426029558448	0.593132032289371	0.520180424409574
0.493887678077564	0.511494979964425	0.712743571281306	0.650321785636749	0.546853262084799
0.505252573748936	0.400193734124786	0.526509829052985	0.578103075965283	0.513317412035194
0.447018530421574	0.481504028784403	0.468946567148526	0.503069831873423	0.526137487751097
0.513205521258477	0.513518013625244	0.410496017248616	0.375026738071392	0.542328972232231
0.521651845070115	0.527521441438841	0.484238282988133	0.438983384674806	0.547946214888507
0.567273644167476	0.613097344195089	0.648716869293967	0.604055298937934	0.537390961698447
0.507132151848312	0.514550758579772	0.463276985748265	0.417115796789751	0.545570886895008
0.626113611848892	0.775161087985127	0.579535014012793	0.608221985552404	0.522696057786118
0.525594585761832	0.54435844111397	0.51861922353871	0.483319708309348	0.537377504003292
0.560073454564451	0.654301425928399	0.859263962354226	0.769073586344861	0.557584822072002
0.466991035900688	0.460797919658114	0.383088987578295	0.349081254608435	0.546595148877602
0.414794739337258	0.317621361232721	0.483620218752744	0.545597482635495	0.511490953728605
0.532595130221432	0.596147323396098	0.488161394068509	0.526569189954662	0.523412907059057
0.547171768876922	0.625050694831575	0.578235685581369	0.52593022163646	0.552302606556584
0.550538668454722	0.60841618989103	0.554497924511035	0.576425701349117	0.527103745092493
0.48697918680223	0.530828260221159	0.580832788573052	0.527255054172771	0.548293578793632
0.520630573273589	0.57083325018824	0.743203006942964	0.674959156880703	0.546853262084799
0.556564413919031	0.616348366571129	0.514639947150204	0.467700098377302	0.552302606556584
0.624043374281256	0.839599558631234	0.89018957871699	0.820105519586603	0.554750359061914
0.476417992533196	0.469370231077409	0.48035661135979	0.52210975909552	0.522433933216851
0.556857463294256	0.615317468634607	0.676353508467658	0.618831106747304	0.547645655127624
0.550959323587178	0.57503750489361	0.445432979380393	0.396550633829611	0.55563378633737
0.473484889862257	0.449733096053579	0.510956717544792	0.454000197626733	0.557209887646797
0.482310592735169	0.504515582667124	0.441535710548707	0.400980314219238	0.546494141275025
0.51489311390357	0.544725775150928	0.989182592028914	0.876952426521937	0.560930393060749
0.519918122166208	0.587279281751942	0.452716616977241	0.410561514144438	0.551911369245014
0.562566457718697	0.647915677932753	0.316110320182978	0.284501242794045	0.557209887646797
0.540790232245238	0.592840300371412	0.416637075680739	0.386322575467265	0.546098620762141
0.567170059288081	0.697068191957371	0.579716369641228	0.607929659461903	0.52294609888958
0.550315725028459	0.617325268701635	0.488487337142253	0.51917229296116	0.526462142563358
0.519579608963883	0.584377584351203	0.638821211122832	0.577745713217852	0.549357036289163
0.610109510870411	0.678034056455465	0.523342729433487	0.481155626916516	0.549467314022794
0.453962557174165	0.444563381105811	0.387324556358049	0.346254919992253	0.555551539830734
0.479562241301064	0.461595905446298	0.56551765947894	0.595252134975258	0.52294609888958
0.507259734214906	0.550245287398922	0.398587100820505	0.355773275572477	0.561153995757714
0.463572891608151	0.473774254558136	0.536388341740975	0.482414391944925	0.551812511895378
0.57962406718477	0.674341438529645	0.564819283222147	0.517442201606942	0.55049840070813
0.545176069730181	0.594020863687774	0.675501865790942	0.619169281529048	0.544696057605311
0.563089588587614	0.592178053697931	0.502102193970963	0.461491015614008	0.546595148877602
0.598785105756555	0.679401814493275	0.634776092040122	0.590030101312979	0.543404048253195
0.524959690575642	0.575588012014462	0.653480866873175	0.590106921136763	0.55810248424622
0.51226477401729	0.529583905784095	0.55560643824262	0.50078059415172	0.550791138744376
0.57077188375963	0.622106307958575	0.530992965736617	0.555171335384852	0.527103745092493
0.537007210331546	0.612383762778829	0.648604944789029	0.584033505815126	0.553895986798891
0.568573284434791	0.653052290616224	0.562844206063982	0.582885386192318	0.527550594131863
0.446898379729561	0.427464432449601	0.385257782048349	0.346104792057954	0.550182023857801
0.509793709179781	0.576519172721972	0.654567481788423	0.584035258777754	0.560930393060749
0.531406733463783	0.57282547235202	0.48895385426478	0.520482206167137	0.526137487751097
0.532998254307083	0.598718898187211	0.780756904471239	0.700732100115317	0.559752426533746
0.531152389220528	0.569993079705981	0.615249449866874	0.564081338104417	0.548048956109309
0.457466162743652	0.442109935770137	0.287895008802203	0.261560620187731	0.547645655127624
0.528310445372026	0.558484529592292	0.620480417604528	0.569938947899586	0.547645655127624
0.533839851931153	0.601175270648939	0.549321899117298	0.504744169130505	0.551499576128346
0.525694486453907	0.575050350707083	0.650413905782267	0.57178601304351	0.559023229673786
0.505318747838409	0.51203532851618	0.43772251679167	0.390547872679078	0.552302606556584
0.551711421334506	0.590031382854699	0.365669609007523	0.328427827559095	0.561153995757714
0.472571357617253	0.444578457394147	0.31459495408129	0.285351999682896	0.546676141418326
0.539954394936172	0.575612472757498	0.486560770233409	0.442071705576805	0.554027427363303
0.592980498296627	0.777084020140149	0.59005233579917	0.617648398107468	0.522696057786118
0.479481569773792	0.523412775155768	0.489624516098088	0.435463594790229	0.56350708080667
0.527069483148748	0.578296423309739	0.507459309434017	0.538343028304089	0.525513265939255
0.515795330479331	0.559504561690907	0.556123836484651	0.504565207028836	0.546098620762141
0.528592864059881	0.540240818391699	0.388691811078534	0.347115182717174	0.55810248424622
0.499560534769611	0.591970188989849	0.771990390391252	0.685122425680272	0.56350708080667
0.523937871293945	0.556378362319885	0.235083690880259	0.209441338180657	0.562179480938369
0.465274089538946	0.498735631451096	0.715926589521079	0.642588769126945	0.556584518150893
0.53347396616693	0.616349812041407	0.369883292379681	0.339484879504904	0.550103553454263
0.464787816196564	0.439492052582232	0.456545026404908	0.499650683146906	0.523412907059057
0.528031745026275	0.576664910088702	0.57424753935653	0.517661168791277	0.554728689447666
0.55776051626336	0.603282968596891	0.474639398006504	0.432606752916125	0.553853850105552
0.520918873373785	0.530809956212287	0.336995084315511	0.298732327000287	0.559023229673786
0.551456890077213	0.561797682605324	0.510057403555297	0.46620150696495	0.544238487704586
0.503661205412945	0.557010213807248	0.533113724419358	0.555285355642794	0.527745323015366
0.423613292148085	0.448804906596428	0.457963517909834	0.495382048015076	0.525513265939255
0.538777825549871	0.572174235170544	0.660525811348276	0.602974517017253	0.551911369245014
0.545567349448822	0.590282220196353	0.30162669296861	0.275831798001284	0.550791138744376
0.499163362113538	0.487072670667536	0.445134440927805	0.491219000337285	0.52294609888958
0.503574105407517	0.536660468418275	0.317758264474489	0.288813209359426	0.55563378633737
0.482274231922727	0.470950816037714	0.358899198804228	0.323016268858941	0.547645655127624
0.532587569400899	0.566024086356435	0.556748164934443	0.494881397960379	0.553077368336304
0.491043068971012	0.530626476035151	0.622844757347887	0.569356186811815	0.541923780951238
0.495480013063587	0.55676731535593	0.492644897470544	0.53729547373348	0.520180424409574
0.467887645077118	0.4402466155262	0.469387760989449	0.503782306105617	0.526021483340938
0.497190125825966	0.549046379720821	0.567917515688789	0.511741510588223	0.553895986798891
0.529944168317139	0.562762991996295	0.536676958998075	0.489808829211245	0.546113007963114
0.538499000780812	0.589752192768603	0.361264873237622	0.331221447780666	0.557209887646797
0.50329686978224	0.551357094743667	0.412942637415364	0.365185437972724	0.559752426533746
0.543594280266049	0.615123150632603	0.280555894433668	0.256127172626052	0.556584518150893
0.569866119522807	0.643068468197868	0.477686516203205	0.432465487042503	0.553853850105552
0.529266849588208	0.604830725512022	0.719684057548926	0.65389465094284	0.553895986798891
0.499354740357656	0.597227597329	0.565621037507583	0.602461555894181	0.5189201310748
0.51505234173465	0.582760219956418	0.589146579879972	0.544929669918479	0.546494141275025
0.488720311183154	0.511329139531447	0.367883410493488	0.332880024048385	0.548366339208483
0.509797045614349	0.534021378428891	0.553943583424977	0.512025666598797	0.543404048253195
0.544889239437394	0.569765474489001	0.493265695437786	0.518932969913585	0.527923653684637
0.480267866458326	0.483576241880106	0.511546961386028	0.547284330169462	0.523184815941367
0.443865963882127	0.430175085548243	0.514050671034689	0.452386713695811	0.555551539830734
0.450786151832735	0.442004737782039	0.381557885544412	0.347790333057744	0.551911369245014
0.479830192430148	0.502440291490728	0.497067981595928	0.444790521398077	0.555551539830734
0.517846448528488	0.595869405630293	0.507822219951317	0.547452460490963	0.521566395157487
0.466079787069223	0.495444376130776	0.517644100587161	0.556554660013053	0.521246857208647
0.504452954038759	0.53401692563988	0.534402439367614	0.481438268197193	0.552402114432909
0.50500392876965	0.532308980763371	0.545502422796616	0.495299496036257	0.549327181227462
0.529202681289172	0.566348874863538	0.519024802064006	0.554820101287282	0.522696057786118
0.490113183764783	0.554157260505235	0.737790067786884	0.672177783830643	0.550791138744376
0.531013969017671	0.583606618680939	0.500254003870085	0.52924538964439	0.526563148333194
0.578870299364611	0.707957230678769	0.557610925460748	0.578102686393932	0.527550594131863
0.509148469030501	0.50259998071883	0.410480206859607	0.37097263054698	0.545019659605606
0.592461569597888	0.686173624272423	0.571283038620486	0.603461853199623	0.521246857208647
0.564422154463722	0.636688374047389	0.616128255016154	0.566111336654319	0.551911369245014
0.551624635538796	0.643762587006551	0.512672988774843	0.548263032808708	0.523184815941367
0.505108201766928	0.504889570660771	0.502767883459738	0.536067429801927	0.524760278233393
0.528665073526818	0.544780441295576	0.506967326924409	0.530133698648307	0.528237724820117
0.542362859454839	0.596874637062687	0.517239838261674	0.469076601031761	0.553275114726364
0.451411793644873	0.419816526223512	0.514241298359776	0.548201184077689	0.523839732922601
0.574619299164198	0.637524252911653	0.515830034644143	0.468719877128677	0.548366339208483
0.562822460052086	0.650465171804907	0.577925370616308	0.611168984911032	0.520180424409574
0.503898620588584	0.496225198486076	0.325108756290998	0.300056457240615	0.544696057605311
0.505834999091794	0.548705698036145	0.489533692637306	0.440174886593299	0.554521669979296
0.483922047026353	0.515471560896902	0.501734946235857	0.454221058976528	0.548366339208483
0.531084142218858	0.599097011958625	0.73982724630842	0.660604710437478	0.553853850105552
0.515001583786255	0.555776301817715	0.440468455380632	0.393210487003435	0.556584518150893
0.518591507579242	0.554626737714468	0.538812982732668	0.566127142834669	0.525513265939255
0.541705505101479	0.629792592944586	0.927464976954097	0.860561505940026	0.545386327916495
0.4680931940784	0.49413044867316	0.540642895108418	0.563871938480839	0.527103745092493
0.543394513326716	0.6019147117896	0.692249925969385	0.62917749512142	0.549420075523522
0.508021523047144	0.526028185714888	0.397712902844595	0.35953789404572	0.550524356087047
0.5775789231459	0.598093175990501	0.337060360075758	0.297136636198878	0.553895986798891
0.577798158224332	0.683855973827322	0.589034722876157	0.541049410821119	0.55049840070813
0.456639048475523	0.5071426326838	0.710033151728665	0.638896220674462	0.550791138744376
0.529531068893737	0.556527755380904	0.44862596077405	0.421616338863859	0.532968314668985
0.473960282848626	0.491422969991607	0.519151085407899	0.473102497853033	0.543404048253195
0.455284196482582	0.468000599117879	0.397685637817448	0.363299577048743	0.539375977984428
0.521001941469321	0.529224047504707	0.528415051259551	0.477644654224005	0.546494141275025
0.624694796616893	0.835829661879269	0.625121848540144	0.645874834691035	0.524760278233393
0.386763972792308	0.316178537239725	0.398926337757963	0.468977781144764	0.516233037400826
0.52123075545093	0.58374456450185	0.461861875049495	0.422295253298454	0.553199526881692
0.503027512064501	0.554839427155565	0.561110533264634	0.517160418852764	0.543018388241462
0.479272672731829	0.503169975440168	0.390433680621782	0.349382848116882	0.550645829750355
0.507031485814003	0.504940163655379	0.241658037155949	0.216195610002807	0.556353045275463
0.538371242145111	0.580303206345887	0.305833556025088	0.270162588767661	0.553041708580805
0.535954949785757	0.698621618415125	1.32820412191294	1.21838348636027	0.556584518150893
0.519105090666188	0.562546614541675	0.524768965738485	0.477934373319475	0.551263854508987
0.598962666891028	0.634201101352564	0.509320530186777	0.539005922441012	0.525901272029747
0.482864789915854	0.475509569558636	0.480667791908986	0.515687921659571	0.52522940108566
0.524891214124693	0.57971274734659	0.780568119705891	0.688690816384931	0.56350708080667
0.578621520658886	0.676519718772305	0.691600715047891	0.633027152358973	0.554521669979296
0.49054456197523	0.541842113565588	0.565367609801635	0.520304791547317	0.540941605835757
0.511612106260868	0.542785290094522	0.511184969745949	0.469740335754915	0.544298868414092
0.532854063591663	0.612028391447903	0.461787735902829	0.425643901117884	0.551812511895378
0.538949258924949	0.595922620564965	0.183975001904014	0.167991133616483	0.550103553454263
0.544373503250967	0.681160270316771	0.568901565166465	0.591064763512566	0.526462142563358
0.51812264793122	0.600585514411843	0.899376400172325	0.818621659008538	0.544890062510223
0.513994679486521	0.569865907866792	0.566326767028921	0.520582093811625	0.547589340521879
0.560957514961221	0.60685259201809	0.364648755479342	0.328475046450619	0.557209887646797
0.463635580763642	0.430322073780237	0.326297590655649	0.287601784303976	0.554750359061914
0.506828905148724	0.60618001067516	0.511029366793735	0.55534142492547	0.5189201310748
0.545094141574405	0.599710250683795	0.601405146102771	0.546575574403824	0.550791138744376
0.51380863098148	0.609092174762024	0.558025925231625	0.598345904021503	0.517412096010608
0.491849682051807	0.534680694172774	0.448273155126678	0.40633634052949	0.554750359061914
0.598295214379487	0.717243197330839	0.698212367828003	0.642017784996832	0.556584518150893
0.56785182923522	0.650899235096928	0.375146115317613	0.339296619350477	0.557584822072002
0.567372378530693	0.677793537174048	0.429447029502457	0.49443924216125	0.515580848122444
0.506453950347552	0.536242799597674	0.457325685573592	0.419675588663702	0.543131381429203
0.407695607100716	0.386664425862384	0.375375436720877	0.328384620725622	0.553199526881692
0.570502943246047	0.630612235887454	0.529592044315572	0.469797002992237	0.56350708080667
0.525640215444881	0.484798849122405	0.515330310436434	0.566129233180003	0.514881067314304
0.534654053998352	0.535419467505419	0.295345170793225	0.26525756686592	0.552302606556584
0.563127304912326	0.644668122428661	0.526535558098903	0.557715376604892	0.524414820732427
0.542240982553992	0.58600291305044	0.869954337163112	0.760843580337984	0.562179480938369
0.542454209993616	0.563117930297141	0.382118495984009	0.349493659481036	0.54675171320742
0.508735783615849	0.570697904988616	0.499847343194651	0.455660199807564	0.548293578793632
0.557339313585141	0.693095403125975	0.574058089849212	0.600797804556768	0.524039608246999
0.501240827576658	0.522657998997162	0.523896957362266	0.484738237407181	0.539512067177632
0.585378770674578	0.648531266073318	0.754001677508507	0.69409963843318	0.545722692800331
0.570247416468143	0.607522304052792	0.31971601921628	0.292364830466768	0.550645829750355
