Hs	Hrs	He	Hal	Ht
0.496050679681657	0.525449100715784	0.500998832075196	0.447798762992952	0.548293578793632
0.514451066545241	0.538873718156675	0.464077494062202	0.420389096678273	0.548293578793632
0.533336989188307	0.561685106683328	0.552222855335994	0.5060769770593	0.54387421333004
0.548615151667839	0.589887486319326	0.488456001007889	0.449467973813315	0.547645655127624
0.533085614602214	0.565879484197008	0.554075063745257	0.504609657052962	0.545019659605606
0.507833777753175	0.54620728824926	0.534512947297858	0.49848841083573	0.538329935512111
0.533089374483763	0.553573473029836	0.571652883088424	0.525974514641395	0.545019659605606
0.522669324514692	0.575965901394651	0.611136275662632	0.562769318177652	0.542228917757359
0.533019407454795	0.562307391579552	0.496785069268153	0.446793760622082	0.548293578793632
0.55920167917111	0.672878925910061	0.622995984246488	0.567465750725736	0.558639125389869
0.565247752456743	0.583623114844882	0.487695179035314	0.446382650509076	0.549420075523522
0.510895651053429	0.548961637019662	0.483240851842821	0.437395720973822	0.552302606556584
0.492972366430758	0.522719153518011	0.455942063142297	0.416028888265417	0.549357036289163
0.530926614069714	0.546634542018595	0.361343860768022	0.326199204930629	0.556584518150893
0.542448172529874	0.600799415694077	0.522556977919684	0.476488396349562	0.55028376065659
0.515261784119508	0.470013252464802	0.463251562950327	0.508261829044919	0.522158897646525
0.462819733567074	0.462042776323853	0.349229752869437	0.312265367869852	0.549501681365382
0.592027427525157	0.661402868226189	0.677346234833338	0.615686350076346	0.548048956109309
0.550592843961548	0.571399441089323	0.334090862367581	0.300034355424452	0.552402114432909
0.532778325956481	0.61346475777798	0.536485779949153	0.570076442389851	0.522696057786118
0.480997920753031	0.514697358149892	0.415076577439114	0.374681909287043	0.548293578793632
0.446015837239605	0.473249974559413	0.465222131656741	0.415099705649357	0.552402114432909
0.467292260376637	0.511607833163512	0.501480428421457	0.546386042647868	0.519364734392739
0.52638609450906	0.580661651553872	0.573034566902763	0.520842960386123	0.554750359061914
0.466925288689382	0.500096448862775	0.486987630317887	0.531746544455221	0.52055524824549
0.517664711869112	0.587615658064637	0.670838298802369	0.610601697124966	0.544402692699929
0.605981259417431	0.673833772127313	0.587237728395778	0.541133366944574	0.549501681365382
0.442221664452593	0.459048215734517	0.512844885591616	0.463629625927167	0.551263854508987
0.511005935487787	0.551565728755659	0.683717475855743	0.628944607939793	0.546098620762141
0.541373507414866	0.588584972910594	0.49647439986182	0.456004590106385	0.548293578793632
0.552520180980518	0.609717381481765	0.624045996066383	0.568601867548099	0.546487750305797
0.488848733004601	0.553533363337351	0.624761965726261	0.567273342723991	0.550645829750355
0.507215019940885	0.525242644037931	0.400869862632826	0.366686472244935	0.549357036289163
0.587335170469303	0.657943069914964	0.192442341773183	0.173258639873125	0.562179480938369
0.554119270831081	0.578226471103001	0.417274541262136	0.379463270520986	0.549420075523522
0.579233549810634	0.660230454132291	0.848207348588499	0.774912539053376	0.546853262084799
0.498279711369594	0.536890984009544	0.408477657448659	0.370474194240629	0.559023229673786
0.556583764308664	0.622130728330056	0.502702229764196	0.459327546157317	0.549501681365382
0.496716667020268	0.566943404798638	0.753285708327784	0.675774221772946	0.553199526881692
0.470249450246816	0.496178146015834	0.517447767472393	0.472609275722837	0.54675171320742
0.460100278409766	0.431275899031113	0.805561288972261	0.714055122983993	0.551499576128346
0.518582865322887	0.520873545724853	0.430160155911945	0.391648399657433	0.546494141275025
0.491327412594184	0.545811151883312	0.518828583391589	0.458091200300685	0.556088466985464
0.507645579432533	0.549646281733705	0.44476059296115	0.405289799569766	0.551812511895378
0.478579162536009	0.53450656017651	0.668785771000135	0.605213354578292	0.546853262084799
0.538393841435423	0.587315050130167	0.681944470820104	0.617634062474205	0.547452263349479
0.571728258662992	0.606173367402576	0.405258224311411	0.369720912143448	0.546283202843215
0.47494668658848	0.49874659890973	0.143933171890369	0.126366537190181	0.559752426533746
0.485288041173019	0.502173648328408	0.434600721457353	0.390876661224416	0.55028376065659
0.529950162423532	0.540453328006595	0.530097696061875	0.490562706776756	0.538934100968756
0.513397356938997	0.556224402198501	0.585318559517709	0.531278660311432	0.547452263349479
0.461773960996438	0.478286893142688	0.417352036317197	0.372609566476163	0.547645655127624
0.536258599322845	0.594370720203923	0.564283876827859	0.519843320359176	0.547589340521879
0.572742811997052	0.656720325589903	0.655397017951774	0.593685405399735	0.552302606556584
0.474656000601813	0.493612154220626	0.428532639578925	0.395548319684287	0.546853262084799
0.505195099424254	0.528751590050162	0.483922759501466	0.438307442638417	0.547452263349479
0.56646702426771	0.635407819594447	0.710011756362968	0.644476636539228	0.550415151959234
0.600967375476213	0.737604248206494	0.63689175221474	0.65365791293043	0.526462142563358
0.508918757103464	0.545797350170691	0.529968353161364	0.484758767102665	0.549327181227462
0.533607926834344	0.560948186279369	0.523219318446796	0.476368279363694	0.550103553454263
0.543448722606768	0.547863544153195	0.473155744126688	0.43988416944287	0.538868216061042
0.482972583540403	0.460825505998665	0.420635740130972	0.370633075005219	0.557795963321143
0.591037394915712	0.632029294888929	0.474147117861763	0.430416037907743	0.548440631543976
0.521650494957375	0.584641122064245	0.446551179126209	0.403850604923499	0.551499576128346
0.52181945493093	0.551398060429786	0.565814948980686	0.518609140511378	0.54302532395144
0.551161781303054	0.606182735459429	0.60599837832275	0.546074682933597	0.553486364153921
0.511498065254133	0.549046252269293	0.513596694403688	0.555906619593938	0.519784176429582
0.547805105319935	0.703208793886452	0.512815251062691	0.550545057805346	0.522158897646525
0.551508023058253	0.595083564368255	0.592070757670204	0.546899070740386	0.548440631543976
0.481201237932373	0.490253270512658	0.449628148227751	0.402161498164804	0.55028376065659
0.565094931339242	0.609977653941091	0.637972075038921	0.586824649187689	0.538934100968756
0.595066295846609	0.691443450011262	0.522794067734386	0.554828669552161	0.524231147721427
0.537767425218571	0.626841534108359	0.523667349083106	0.561135497816942	0.521566395157487
0.575432697887249	0.671540695024467	0.504970138768442	0.531208411304136	0.527337496843353
0.46799598034007	0.498813148834953	0.328861182901521	0.27574584918406	0.588148397702131
0.550898606381055	0.68336214947966	0.56043629796525	0.591209201407986	0.522696057786118
0.525668805332682	0.56457796487053	0.408185886817893	0.369689142375739	0.553199526881692
0.548881089786128	0.588326437198005	0.662094688881586	0.595461270903988	0.55810248424622
0.53833871158443	0.694281201412719	0.671222874637068	0.613102236757496	0.557584822072002
0.615929369237935	0.771446785346507	0.577447313533031	0.605898660227627	0.52294609888958
0.502828559588775	0.510719770156012	0.552591583797897	0.49279811366148	0.557209887646797
0.527356448137452	0.617194546658687	0.532796409870456	0.566842041970115	0.522696057786118
0.521073481841018	0.570135787185025	0.422392101657736	0.383080233312998	0.552402114432909
0.555399895393913	0.622996025539864	0.683170887214687	0.631165658265289	0.546283202843215
0.499470564531537	0.579008005313123	0.787362954374873	0.720060372321707	0.55028376065659
0.562211082988828	0.629734014465232	0.522648176506112	0.475421034051435	0.551263854508987
0.577366734239874	0.714491966463031	0.61926335810144	0.639120837501842	0.525513265939255
0.485849780938772	0.497064385765005	0.462671785075207	0.421064121259417	0.545722692800331
0.503411991257912	0.511322560668785	0.384866989658764	0.354285277531191	0.546510180611498
0.545329781171414	0.639720425116287	0.633946456251541	0.579878756138077	0.548293578793632
0.513025864126629	0.553659755402884	0.451337819060415	0.41379871191064	0.543404048253195
0.584057264150706	0.703703373029665	0.708760633362977	0.658117023313275	0.553199526881692
0.553550890320264	0.621095405991085	0.639439157903443	0.585661730110013	0.548293578793632
0.50264539719127	0.547571002717853	0.505600015215047	0.535111162409224	0.526137487751097
0.516328380352879	0.552000202887243	0.565415387642263	0.590308290746253	0.525374025113182
0.53848181150535	0.590883108494526	0.502221235624125	0.463216482955786	0.546853262084799
0.507509951835027	0.486228083758875	0.0955567867840919	0.0876854653902993	0.554750359061914
0.574468559084059	0.650876895625322	0.658818688773569	0.617219519659582	0.545386327916495
0.610579765132974	0.757259348787023	0.531243487023349	0.48224961899357	0.557584822072002
0.566774871200558	0.642682936492665	0.672458365913502	0.620059930640889	0.546510180611498
0.500810217770379	0.52724082024632	0.545129919253269	0.494447373582315	0.54675171320742
0.531363362836741	0.541777752209561	0.523642588033222	0.552963707705156	0.525374025113182
0.514901694358004	0.569293430058127	0.480036068525364	0.43847870689957	0.54675171320742
0.551386979618328	0.635082210937675	0.733905660078837	0.673064359771436	0.54443051913819
0.519525811031139	0.522834904209617	-0.0476174991759645	-0.0412086902993558	0.553041708580805
0.525354025518835	0.533652940352272	0.508432093882992	0.458712509336226	0.549357036289163
0.556440979665031	0.593407777390616	0.64040020859717	0.587895620743314	0.543837956493502
0.48370571176164	0.50672089424285	0.499723389543661	0.459462681274225	0.547452263349479
0.508037379538567	0.581711470459862	0.533625762268476	0.555749055247235	0.527745323015366
0.508696479096779	0.54776615543552	0.62973587766196	0.550793829481389	0.560930393060749
0.49634796565843	0.538203524907651	0.49214187892872	0.457892176401959	0.539375977984428
0.553295443177027	0.612197530736593	0.633539402126065	0.584868744846629	0.54302532395144
0.456251877405573	0.498097804970022	0.525253543252876	0.571167655154288	0.51684213486227
0.449391169125538	0.403983426333762	0.363102786288049	0.320412657375619	0.557795963321143
0.525649113419697	0.550947911185836	0.545924139913356	0.502163466859489	0.546494141275025
0.533661470385242	0.567232959115641	0.523146888049244	0.472530584377774	0.546853262084799
0.543636217341241	0.573407992697681	0.511881891666512	0.471406815474871	0.543404048253195
0.464374283134623	0.491360073495811	0.724523967001868	0.646321420480754	0.553077368336304
0.544814615451882	0.69533662157039	0.54970102308697	0.582739439410418	0.522158897646525
0.496155892119636	0.517142393999035	0.580294646844841	0.523245520004198	0.547946214888507
0.515188808146789	0.52059314016336	0.454688282230502	0.419961508981331	0.536138218480627
0.56390236188578	0.640810131717369	0.723306180904099	0.65695985099891	0.551612252119523
0.50591197558833	0.503926453901608	0.263898216944794	0.236894223851764	0.552302606556584
0.550254464189016	0.599472198749402	0.423976978052732	0.387360190176538	0.548293578793632
0.544441625423602	0.599679067595964	0.748774767061863	0.674761572856954	0.553486364153921
0.520469953631381	0.554969801376752	0.435601777748426	0.395294514444762	0.55049840070813
0.546527539468792	0.620042201290648	0.59916596972177	0.55138957502808	0.546853262084799
0.473800988897894	0.501047586364518	0.42644374055295	0.38591500169617	0.548366339208483
0.52513707549046	0.545495081328373	0.543192802898484	0.488928504434873	0.548440631543976
0.553815074626664	0.614661299075369	0.577545916377295	0.533662751280436	0.544325068541353
0.549697518463047	0.606422339073478	0.644733345177566	0.594464045556996	0.540941605835757
0.512190584960108	0.54985682446522	0.672097265870171	0.603178871218611	0.553275114726364
0.459264165398833	0.479361058006585	0.584556311143896	0.519432553646507	0.552302606556584
0.513950466000139	0.544019763103783	0.563163881628741	0.510536644998767	0.550182023857801
0.497830615340365	0.523032940293792	0.605709745911207	0.537811129732919	0.554521669979296
0.53932983750548	0.605244659637341	0.680755561930104	0.616889501845988	0.55810248424622
0.552072446386225	0.627719871652724	0.665643740930577	0.607596749805719	0.553486364153921
0.568939088867263	0.697940832368778	1.74036807041637	1.54716307831997	0.556584518150893
0.496915580626785	0.543865907735745	0.502674309071601	0.46058780806683	0.546113007963114
0.536011180744164	0.578981259048846	0.534393704070756	0.556444688427332	0.527745323015366
0.531215249498407	0.570673280778679	0.598528013004052	0.535710232851647	0.550791138744376
0.468272117382734	0.455452894749231	0.0815980528184314	0.0745472535251802	0.548775349976467
0.539128201191725	0.602061055110244	0.474995058632413	0.428470309934588	0.557209887646797
0.581191337505796	0.679332770267826	0.875685636795416	0.808861342008271	0.55563378633737
0.505317852141465	0.538326849786945	0.597807757725847	0.540405523921623	0.553486364153921
0.53967592570654	0.583461777712568	0.46917256165951	0.503596189140925	0.526021483340938
0.586906060060918	0.732342989708868	0.604772299671032	0.630479273345692	0.52294609888958
0.522501801914907	0.558304991882875	0.555610482884882	0.495482982115074	0.553199526881692
0.411882296458729	0.349878355182626	0.435861509383035	0.499571478205936	0.515580848122444
0.460742577372962	0.500435433893498	0.514577292422991	0.550955322088522	0.522696057786118
0.537555819034182	0.592013397452103	0.483609292920592	0.440693030057098	0.553275114726364
0.534552181289438	0.608895466786978	0.637877392602382	0.578850992435364	0.553853850105552
0.522199843183637	0.54389052397277	0.536207735606448	0.489560945464747	0.539512067177632
0.482100968156667	0.496152998131279	0.496868521135829	0.521593460863369	0.528087292624469
0.439722565432557	0.391521237276294	0.366208303555456	0.33248031984007	0.544238487704586
0.429695883033674	0.435347677058433	0.51945974815104	0.463935995658256	0.556353045275463
0.612255162071528	0.771691081343179	0.526507783771403	0.559855129850081	0.523412907059057
0.507988546519472	0.557121843236576	0.746839547314729	0.680093077596237	0.550103553454263
0.483007008660771	0.533763255151696	0.448369384858056	0.405131058565171	0.556584518150893
0.532482700149791	0.597432919857437	0.466981466713592	0.424920583753314	0.553895986798891
0.501399627972426	0.540979519318352	0.481755419188116	0.443967256903201	0.541080832913507
0.540242855571041	0.579033448766645	0.550942619955687	0.502940937831989	0.549420075523522
0.468937484171724	0.493763831000908	0.493939013080682	0.45079540641078	0.548440631543976
0.573630216695268	0.643660820588381	0.711124678014143	0.657187220022501	0.543131381429203
0.502744030100553	0.527297845997678	0.334203604919216	0.30216158219616	0.557584822072002
0.518025726332533	0.582835037618525	0.528077039876613	0.564963283282551	0.521566395157487
0.587660175888112	0.595254790613696	0.387200586820712	0.351967702064287	0.543390983003582
0.519889532500649	0.607825400034131	0.504071495572661	0.555487756287135	0.515580848122444
0.417874163618529	0.385979603648347	0.434828842531227	0.490952761344099	0.519364734392739
0.577856623788834	0.777327033752962	0.546753632729721	0.575249257285545	0.52459106273317
0.586867760096291	0.664569426560651	0.580285705057724	0.531266614777235	0.551263854508987
0.522932195533259	0.55841750268945	0.544746096087305	0.496710787756721	0.55028376065659
0.559317277706585	0.639032716396569	0.609735892135388	0.572723916266053	0.539375977984428
0.445846297071908	0.466525732202937	0.497466796937534	0.522678621490075	0.527923653684637
0.553995297911415	0.618357340048071	0.601905780985829	0.551704441954106	0.547912085459279
0.455246879457289	0.400708665958679	0.343092660769141	0.305705597449214	0.556088466985464
0.470561111325594	0.428040755528724	0.28701445004521	0.257924187673942	0.55810248424622
0.563805985705979	0.670922325628402	0.783850648495186	0.713313814293916	0.555551539830734
0.535663358058387	0.549588183028127	0.0943172427286604	0.0859752167094971	0.550103553454263
0.421160897210283	0.376105459284479	-0.220495819014628	-0.186104513712573	0.558639125389869
0.589264246015844	0.654282588484659	0.655420374439288	0.60837095001335	0.541080832913507
0.559527261044847	0.601120420831801	0.565405872668952	0.524543680053703	0.541923780951238
0.527758502146651	0.594868044476232	0.69883563210727	0.633870516829201	0.544696057605311
0.54530455529316	0.592047532931764	0.596934559390904	0.554006783842326	0.539233437202116
0.4478219321796	0.423409170643374	0.505244328071712	0.529633050224182	0.527923653684637
0.489372486006784	0.511722867371857	0.60091421830825	0.540821445223895	0.550182023857801
0.502299724263546	0.531602147434451	0.468224933974681	0.426435494767914	0.548440631543976
0.502924508449726	0.537888691400565	0.544987168425989	0.494649126877385	0.554027427363303
0.471749515622736	0.45658094745161	0.541766231185443	0.578128783436946	0.520910244545655
0.454174793349469	0.483470678594133	0.357093848294415	0.3236587714611	0.55049840070813
0.550527249417373	0.688311419383233	0.591108168029936	0.624171183924606	0.519364734392739
0.480007182677184	0.516648308817233	0.510080306877737	0.559389119365994	0.516233037400826
0.550316690890972	0.611585476771399	0.522560812931789	0.55738103338355	0.52294609888958
0.48100384895151	0.510942176554885	0.162482464212991	0.145498881283259	0.559752426533746
0.524127978005079	0.583262704042855	0.491679856140075	0.451847866177702	0.551499576128346
0.55091769412673	0.610738503005339	0.423422109698862	0.381859605156286	0.553486364153921
0.485368409632449	0.53631232503203	0.713886735505882	0.6388738842483	0.550524356087047
0.559679592644522	0.623293354908413	0.62802423752849	0.575247776094316	0.551812511895378
0.535816855041354	0.638748012185507	0.547670092471106	0.573745196899799	0.525647390180549
0.593581424903086	0.657458922657633	0.479194557528309	0.438538693714341	0.546487750305797
0.528343469667349	0.549038354323386	0.534619971562767	0.481573038390163	0.55028376065659
0.583456351872913	0.643131956516196	0.76458401382453	0.703922483084121	0.543131381429203
0.558206325738155	0.614662912313991	0.639190580660981	0.578442981841787	0.552302606556584
0.505170878563108	0.520478479189691	0.389473632843124	0.355834353371865	0.546676141418326
0.524153818788625	0.541997388599433	0.417043507543987	0.378706293685103	0.549420075523522
0.482894148376279	0.508531383287547	0.493767332751411	0.446709464931991	0.550415151959234
0.536793208316129	0.591650400935914	0.561053718764774	0.585782604755643	0.525647390180549
0.514902848756936	0.513117428764387	0.176001356696952	0.157096013017548	0.553486364153921
0.514114995834205	0.567437269648991	0.634175615472659	0.561850572706295	0.55810248424622
0.573800002433858	0.698808702135689	0.616224335809599	0.644708680409052	0.52055524824549
0.514844183212718	0.592464974134624	0.529039902378951	0.480333781983391	0.549467314022794
0.534511179995903	0.570246405331299	0.495654567023514	0.451093325514477	0.546487750305797
0.464961834751477	0.453677561061391	0.651459898173785	0.586768164497913	0.561153995757714
0.553963953931427	0.62392418970281	0.851328358560957	0.774566867360689	0.551812511895378
0.524851877435278	0.574064492531039	0.550233012293702	0.501513066603733	0.552620472826294
0.525174200231456	0.545463481146019	0.558510801050077	0.504569437967014	0.561153995757714
0.5462587516027	0.605917683386746	0.597917670207291	0.550420412097044	0.547589340521879
0.520601788875087	0.561428926613775	0.449271229873374	0.406206716883855	0.548366339208483
0.490921434520925	0.480769030639913	0.499144608522909	0.532907163309201	0.524760278233393
0.557478729735593	0.617198010460738	0.538009253523621	0.494055784481176	0.543404048253195
0.536289570085444	0.604681217997458	0.625974943017131	0.584629628588012	0.542439936937771
0.508441395191141	0.530837232751907	0.490027931367463	0.440704816267189	0.553486364153921
0.477624151346447	0.538033118075406	0.515063820652358	0.544714489420478	0.525647390180549
0.581888673512391	0.643287578113273	0.731156345967368	0.655041002283516	0.551911369245014
0.513906899968329	0.565094725276246	0.728823534712501	0.664454688285057	0.548366339208483
0.620103072843011	0.667823696913165	0.610434207798815	0.567940925933202	0.541595205843702
0.496932582679165	0.507674916122288	0.359544280340118	0.319775508811623	0.553275114726364
0.459785437165186	0.460350980783282	0.452882561208059	0.488569391547644	0.526357640184358
0.516273764624065	0.564570630431722	0.607638392346357	0.554896205159851	0.548440631543976
0.50554246849721	0.526149223601945	0.506234630891912	0.464065632524994	0.543837956493502
0.517975751551023	0.57004227226955	0.57817020855666	0.530099095846439	0.548048956109309
0.527974878592908	0.544323769306697	0.430619563461006	0.394257361694974	0.54443051913819
0.47623706497589	0.504829465774709	0.439049422402361	0.386290544072562	0.553895986798891
0.559825557737679	0.622603083909774	0.878015290059982	0.816018072723647	0.546098620762141
0.457820330608972	0.442815916620679	0.223782492736002	0.194559293184931	0.553041708580805
0.513203167524782	0.525320105787818	0.292984353042145	0.265289287601441	0.554728689447666
0.553426622578899	0.560638466362661	0.280330621463743	0.256081110539293	0.546899585612746
0.518340570986785	0.553316014478456	0.474321605733114	0.428945339371715	0.552402114432909
0.510275860517416	0.572544782224209	0.646791933676889	0.591255043067455	0.554750359061914
0.485185323914466	0.508571930820645	0.478662825823213	0.440620522060786	0.546676141418326
0.548550147927885	0.604206328669389	0.638361365629264	0.590510971178895	0.54213588206925
0.511500581528566	0.5228941518965	0.441410487376223	0.407727355769978	0.538965673609259
0.545548829228087	0.602304369796521	0.744017049464011	0.680796527542566	0.547589340521879
0.520303886560324	0.562474033766983	0.484219889841125	0.442538727567876	0.546382433293802
0.514852199724367	0.523380818220889	0.424701541066552	0.391574421681817	0.546494141275025
0.513086018119431	0.533911852022918	0.361361740068192	0.321420528305747	0.559752426533746
0.484876246430263	0.529994974404546	0.536027904996862	0.497840197997467	0.538293290143628
0.511484811120035	0.525324742016675	0.461594579717292	0.423904330443573	0.540275511059948
0.569886946142723	0.678748983112443	0.483191580621245	0.440043169199956	0.554728689447666
0.503298357468216	0.565748657972466	0.788585128448007	0.719768994836409	0.55563378633737
0.509969829573786	0.548072564176399	0.600793872761561	0.552231094767745	0.541576914634675
0.534629820337333	0.593443032302592	0.875412607713376	0.773283208297045	0.554728689447666
0.589185219036024	0.749646607172774	0.566494277056649	0.595669740172084	0.523184815941367
0.557759820002405	0.593345087795257	0.529709941331965	0.494571243096845	0.541643889052101
0.54568814005844	0.606734251047014	0.404703225569822	0.370007420447833	0.551499576128346
0.605650981495955	0.760730961613308	0.968057773946208	0.875440612477307	0.55810248424622
0.485663963145881	0.502560791785009	0.461810952184751	0.420340825658384	0.546494141275025
0.571212868407895	0.660277418457828	0.487412650318659	0.526986740861108	0.52294609888958
0.616267461957267	0.668624326810017	0.652546514090876	0.606546015328351	0.539375977984428
0.488221891949702	0.46690131495279	0.324420940323756	0.295384825042613	0.544696057605311
0.53225484160836	0.567848737170135	0.63912196714515	0.578079143225808	0.556353045275463
0.5477662981283	0.624263668871075	0.563872564598365	0.515964108883677	0.550645829750355
0.488473093571216	0.459390154400463	0.310694420234287	0.283931200098854	0.541128081844073
0.51427210356238	0.510589741898915	0.413884796297554	0.370990261701614	0.549420075523522
0.49177357936038	0.528326436977363	0.498816273511183	0.457717444813253	0.543404048253195
0.513909372063758	0.526545740143917	0.541364987226984	0.490356581855495	0.545969827595227
0.510502693541341	0.574804175162643	1.16444381264113	1.03223834165149	0.56350708080667
0.550848206409211	0.598855999249787	0.541035651028152	0.499837691205341	0.541690785555911
0.525186294785496	0.543294851689437	0.468979767878254	0.426246527035869	0.546098620762141
0.539853315675987	0.602970510138367	0.387157871153107	0.340431833669565	0.56350708080667
0.534299852952156	0.532866823514809	0.434968533777776	0.393467945448339	0.548293578793632
0.48115907875462	0.546984946538407	0.469353564210053	0.511037164487888	0.523184815941367
0.563623463555481	0.56451039233911	0.52231845491858	0.559966303647284	0.521566395157487
0.515125435630076	0.546920164304065	0.416179142482324	0.377765113537987	0.552402114432909
0.60387432716719	0.670753721235033	0.620452401080473	0.567750421689691	0.548635451738003
0.510983792514691	0.530043821634943	0.287455863265966	0.264711251738891	0.546494141275025
0.556873724926269	0.595167490212158	0.424121002904255	0.388954449085076	0.549501681365382
0.533405067219157	0.62386453647562	0.86756064447208	0.797304793998947	0.551911369245014
0.441577986808332	0.42685851646532	0.257975595658758	0.231785919447398	0.552302606556584
0.543602548399214	0.603499076637571	0.7391290902167	0.666440323502702	0.556088466985464
0.606176180542679	0.692502511874384	0.605881511962708	0.557872267857346	0.549467314022794
0.504928942177718	0.550661033169326	0.739399672419663	0.658183458576623	0.552302606556584
0.62683703187985	0.724440640135818	0.856950483672219	0.793600835559987	0.548257693389133
0.493906193882914	0.50317292163579	0.496684661290343	0.454351262330585	0.546676141418326
0.556714370671016	0.605787153056104	0.519691946027456	0.54316703294207	0.527745323015366
0.450301236729687	0.46631367744615	0.272008160034213	0.242244831473757	0.557795963321143
0.509790307274721	0.525488501826086	0.44757753700848	0.41236176097688	0.546595148877602
0.576450436369159	0.650990105893913	0.384243845566649	0.347844302890234	0.556584518150893
0.503406081890296	0.500097658464773	0.518094254187419	0.465348671213278	0.552620472826294
0.49712816461145	0.488720736381197	0.459871811788378	0.410775231537108	0.546676141418326
0.557508016283523	0.602029799931968	0.289286979391103	0.262016582932589	0.55810248424622
0.463702307420508	0.440935777403516	0.414221430173279	0.364722694926201	0.551911369245014
0.591700052566941	0.654428354483301	0.703398228564435	0.658967089215259	0.538523001057647
0.447302335537325	0.430798113182269	0.475867458638628	0.519549692987768	0.521870047665536
0.5887994143348	0.692620901738881	0.973856263751923	0.883311332697028	0.553275114726364
0.498797585436596	0.521133076308563	0.481837744288137	0.439971196443621	0.551263854508987
0.528758319432966	0.623797147742361	0.580863225736635	0.598474545237649	0.527923653684637
0.5536164386684	0.596895602459879	0.592312410563297	0.545938716438911	0.544238487704586
0.535829669563771	0.561716436359365	0.547994640228579	0.496071473532368	0.550182023857801
0.545176018177734	0.591596385902781	0.40698335921595	0.377486888536428	0.544890062510223
0.546391519537788	0.61595516422534	0.597693851150819	0.552519799032539	0.543404048253195
0.528337426797398	0.585294380838991	0.511938862214496	0.542978461302888	0.52522940108566
0.494820432774119	0.531265135270711	0.600451255280357	0.538882553698731	0.549420075523522
0.564092000934703	0.625348363102027	0.741403924615391	0.672538122319048	0.549357036289163
0.574870922563339	0.632563615288517	0.490423267222037	0.453143123468686	0.546494141275025
0.523734245670344	0.594404466780468	0.511732415030395	0.541773317147911	0.525647390180549
0.516890948383638	0.553268094844418	0.515055004975494	0.47302287647536	0.541128081844073
0.577365620226068	0.647765256187779	0.601031269924183	0.549773147608352	0.547645655127624
0.554731843318902	0.636000991248102	1.14744087980971	1.01555853512478	0.556088466985464
0.433039686842232	0.424723571483436	0.361904038152154	0.327464963651865	0.550524356087047
0.577931208980324	0.670525271208291	0.699619084646146	0.651791345478543	0.547912085459279
0.504682111337999	0.528918502377536	0.832013846319568	0.739936510271175	0.548775349976467
0.566360862921998	0.616670558842917	0.541049454371132	0.492837460340896	0.54969508104467
0.530542752237103	0.563236357314475	0.447328390442986	0.401086132826832	0.553486364153921
0.523278999901543	0.591026102413925	0.817642432230276	0.735753870932912	0.56350708080667
0.521387906822974	0.556723299846952	0.397963933779346	0.365773742252465	0.550524356087047
0.537695842076569	0.682002319120562	0.52185217675147	0.562239953875944	0.520180424409574
0.469242138812134	0.452841180875966	0.408956452820287	0.454083959005176	0.525513265939255
0.5588058267268	0.623507664967741	0.591176719167487	0.552036609154693	0.538293290143628
0.579210996990425	0.653976729056344	0.760031698913937	0.697977182733745	0.550103553454263
0.463170310450406	0.503839649175598	0.711215545659999	0.641696028601349	0.549357036289163
0.487179784024217	0.491506660362818	0.419696035156073	0.379869736612457	0.54213588206925
0.478556241719216	0.518647918481817	0.508489366856659	0.460400280484332	0.551263854508987
0.502976247263566	0.537302825932239	0.492889439233765	0.452940382930178	0.546899585612746
0.542076664296641	0.591680672591576	0.639166355001251	0.591451565373311	0.541923780951238
0.496965528845701	0.510682029134131	0.427968201043826	0.388941946082427	0.546676141418326
0.436387787854505	0.457694951842039	0.419953460856678	0.379213479675162	0.546113007963114
0.546615199323193	0.641131910357147	0.541928990401682	0.562767144516981	0.527923653684637
0.593811688738026	0.765463672505743	0.554800612872957	0.596488951072082	0.51684213486227
0.50020545582951	0.526241306019137	0.469445072148373	0.420183786373473	0.55049840070813
0.528432577897526	0.55426878603799	0.520046489840116	0.470439605255067	0.548440631543976
0.515064484097041	0.515313102460209	0.142129674955653	0.1268837673277	0.558639125389869
0.574548312996036	0.666936140744211	0.448536293073845	0.409443248087244	0.554521669979296
0.60448843737249	0.660573800329158	0.562019511071673	0.49955221204531	0.556353045275463
0.473279513244057	0.477752415196447	0.471119441018914	0.420760251838064	0.559023229673786
0.529234941972721	0.682763881256755	0.531093996691853	0.584841368518246	0.511490953728605
0.546139300763757	0.604738734429003	0.494356436253838	0.52049230107918	0.527745323015366
0.559381327064274	0.637730834608987	0.644126756661202	0.590868852443771	0.550645829750355
0.499793578704745	0.531451775489896	0.565581221292805	0.506107213667621	0.553895986798891
0.50468560789634	0.546523256306348	0.532005575251359	0.485264194298566	0.546113007963114
0.548347712683475	0.600839959304217	0.658881820917317	0.582199483113838	0.56350708080667
0.467374584390823	0.486151202395885	0.653332227367083	0.575459235515227	0.557584822072002
0.526683561502182	0.571845630876849	0.563416235262432	0.588814405312976	0.52522940108566
0.472981533832801	0.471974602846249	0.13279637621853	0.119269043909394	0.557584822072002
0.580178762547052	0.640069429153342	0.50432347471439	0.537036779593564	0.5249228434797
0.492460246116269	0.534259250627727	0.497160276098148	0.527987851596896	0.526021483340938
0.54156232998092	0.636562234558517	0.548543570390356	0.573947625475901	0.525901272029747
0.52131394554142	0.583150042834903	0.47960406179725	0.531750926107655	0.517412096010608
0.478700168305428	0.390975892022814	0.464416202273753	0.526823897037788	0.513317412035194
0.504393284517187	0.525939969765072	0.507524273560914	0.46210501305998	0.547645655127624
0.48225480118677	0.471014849861346	0.442185262553967	0.398284839191294	0.546853262084799
0.565706787953853	0.638866176732497	0.681799410418321	0.61770631829964	0.552402114432909
0.50110751615581	0.524180198823546	0.572697987492747	0.519582110407719	0.547589340521879
0.496678715247126	0.519954313813087	0.395162135163654	0.353686384875705	0.560930393060749
0.518602255517334	0.571222910958757	0.478391964423727	0.508423720353449	0.527103745092493
0.613121848336945	0.726030710026948	0.480520756302248	0.446162330811933	0.550645829750355
0.456539367513671	0.447886493090484	0.236223680561025	0.213665366837618	0.553077368336304
0.455588164981041	0.473678276153286	0.469801218700695	0.524725740138686	0.51684213486227
0.416961024338065	0.411341396466245	0.32391441551158	0.284588742872597	0.553895986798891
0.45966176586746	0.450468907685943	0.445785283429838	0.398045659613498	0.546853262084799
0.597779850297753	0.668487135994471	0.518677315096155	0.472371304905491	0.552302606556584
0.51963978338126	0.656345006844839	0.513629139183616	0.553758753287055	0.520910244545655
0.512721929602316	0.605156718299322	0.511989838556853	0.541677733626971	0.525776647522227
0.560413114807807	0.589371698640058	0.537643914478491	0.48992610627681	0.546487750305797
0.525005007055703	0.562598218451185	0.549219749123822	0.586662382444789	0.519784176429582
0.500185959460569	0.538697551139875	0.584393745643223	0.534435187817261	0.547452263349479
0.498111299879837	0.521064610796331	0.467907635293434	0.427617336136055	0.545086373972636
0.521186219611798	0.5404896217575	0.614513749216235	0.568554213139484	0.537373433571475
0.534605119080276	0.565431135322845	0.511444381713505	0.463995824022251	0.546853262084799
0.558459763663139	0.655993120505342	0.946744401769872	0.85555684172119	0.558639125389869
0.478883897371083	0.504142243984008	0.464407293778841	0.497887457035476	0.526563148333194
0.547207725929719	0.610065330121832	0.539907764184616	0.560439291426526	0.528087292624469
0.583636985208634	0.62931415469952	0.591300508324422	0.546929374413379	0.540741884282919
0.512023178466717	0.52518004766194	0.357421501351469	0.327081411701104	0.544890062510223
0.590523163240139	0.73771167643661	0.578452587748183	0.606358869479658	0.523184815941367
0.543613725254526	0.563358414675395	0.416650324245599	0.382453148974303	0.548293578793632
0.560061662968641	0.659148971946792	0.607390791967331	0.550483098316821	0.557209887646797
0.486309597306941	0.526927731758857	0.614921638231637	0.556041134931689	0.547645655127624
0.551836719986472	0.569144304933253	0.354981531308705	0.319792778178793	0.549357036289163
0.513678096672549	0.534296903703496	0.62772520556	0.574947444508678	0.545019659605606
0.488016021016308	0.527834935277551	0.493133786023027	0.435530309679079	0.556088466985464
0.51956544233596	0.546119587928283	0.410129717342033	0.36520812669543	0.557209887646797
0.521714824876183	0.599438663865383	0.547355562506613	0.597074499182304	0.512440838740329
0.555486850979045	0.691792214755945	0.593872916067946	0.623021648916855	0.521566395157487
0.525542457466892	0.607271311257668	0.514136425324226	0.560729459892454	0.517412096010608
0.513465214377561	0.612557037468206	0.533655114791482	0.558248369005631	0.526846672002587
0.475540297316356	0.453237857894031	0.293880728039746	0.262807601771555	0.553041708580805
0.527872991773449	0.611046029929211	0.512849032355904	0.558676932983778	0.517946411642854
0.505123384984914	0.54271514195438	0.523330162189429	0.557553636135739	0.523184815941367
0.516711392161956	0.599181018823205	0.575146013409105	0.6021602962682	0.523839732922601
0.475555395843074	0.495929073468091	0.499843022645356	0.530983918747501	0.525776647522227
0.443993475072905	0.39947075645995	0.477367857268305	0.514041926157805	0.524760278233393
0.517483212661693	0.538661497784408	0.370042564465235	0.33607050149046	0.553077368336304
0.577991904793179	0.681961337790535	0.678575576569978	0.611764588422966	0.557584822072002
0.537736976107824	0.710970885002776	0.473773684848395	0.537594377352185	0.511490953728605
0.430958670946641	0.42107874943651	0.441860987687758	0.481277647903074	0.525647390180549
0.524544915702103	0.535801404850462	0.521329462891981	0.544095887802626	0.527923653684637
0.508249155068863	0.595569720018	0.553966545857571	0.578826798721222	0.525901272029747
0.57268685248937	0.657065792720379	1.24641924059426	1.09861175441492	0.56350708080667
0.561802014638368	0.642876921188017	0.533086515099067	0.486381879859478	0.55563378633737
0.543100882190656	0.656754675165993	0.750443547959064	0.684324075651371	0.555551539830734
0.478970868650269	0.492460190080746	0.427037271171411	0.379532512583116	0.562179480938369
0.593999331991472	0.745418039922	0.561374260253597	0.584471413590054	0.526357640184358
0.48691390674653	0.514496177387263	0.537976525648093	0.489077739742493	0.546899585612746
0.507041919378073	0.555464905601873	0.419589060141681	0.383080405201639	0.553199526881692
0.456600466969644	0.452491834599834	0.365575013493824	0.319882310810867	0.557795963321143
0.561851727656544	0.59839883059759	0.543014783989224	0.505586460790513	0.545019659605606
0.582872561226828	0.603516209678029	0.383879232246522	0.344714380942371	0.55028376065659
0.50847214525222	0.573458999439841	0.531141694455382	0.556724759866164	0.526563148333194
0.488760806691358	0.600944358570593	0.516007073125179	0.557970006070538	0.519784176429582
0.550574876160423	0.586054216160978	0.528318610215901	0.484065736225096	0.546676141418326
0.535543355538106	0.581338621804021	0.669406516197874	0.609353316693749	0.549420075523522
0.504422885903921	0.548758111823179	0.514833079393194	0.477006666439071	0.544402692699929
0.560539173343801	0.683759443975964	0.526655819016085	0.548400499500668	0.528087292624469
0.532258355735878	0.598900153834447	0.505030377064649	0.545053353249592	0.521566395157487
0.527479779593788	0.565023085583264	0.218153639939345	0.199052210623109	0.560930393060749
0.531311006622439	0.659703700441301	0.518563729115375	0.556716012309236	0.521566395157487
0.621143003241003	0.778800702997399	0.584280246256749	0.613422410771065	0.522158897646525
0.503986988776755	0.54765618950234	0.568171307389672	0.601301213332708	0.520910244545655
0.501179058792134	0.519963252894509	0.358019996536704	0.319412066237127	0.562179480938369
0.56916118606679	0.615187919326698	0.632773963693618	0.569821432767914	0.554750359061914
0.444506802147884	0.394470028998881	0.260213560241845	0.230398048144997	0.556088466985464
0.49891987608689	0.591266068021802	0.525218024808309	0.570147312817559	0.517412096010608
0.512419264219425	0.543392506652663	0.394881927592111	0.358699389651695	0.548257693389133
0.494611711358334	0.498747126184832	0.522150216546858	0.561784453366913	0.52055524824549
0.518276600694082	0.594260136010337	0.548648664144707	0.580290900211361	0.52294609888958
0.59689314897912	0.717688271605734	0.565586835904246	0.589051901759069	0.526021483340938
0.465421715378108	0.5338013162013	0.53773352985165	0.47180891757395	0.562179480938369
0.548733470437545	0.602875508511394	0.512821140959465	0.467056698161145	0.547645655127624
0.483841766490682	0.565810422706254	0.55583498747976	0.581080777452159	0.525647390180549
0.533723983439125	0.553508298892558	0.21413548210312	0.195165282485149	0.551499576128346
0.614270722204346	0.746734035999124	0.559905200574997	0.585343665372269	0.525374025113182
0.577120880377639	0.619310472053368	0.562513420000529	0.523040075191466	0.539454712287336
0.479245184547567	0.456974445541823	0.665605267144974	0.600850935721289	0.553077368336304
0.53337939785923	0.565564449540963	0.523747769675711	0.479098378566539	0.546676141418326
0.45812142967738	0.49210823847754	0.515432609162907	0.474717487684543	0.538293290143628
0.535777226542983	0.570085436559052	0.437950929830428	0.390813991106211	0.561153995757714
0.500866237622832	0.492260277309526	0.488755286738767	0.446858512742088	0.546676141418326
0.54374807102813	0.601428014468135	0.557953838416929	0.494287089509523	0.556584518150893
0.551021501911734	0.552262248721334	0.510534945556205	0.458500047280782	0.547452263349479
0.513487123634159	0.531604597895641	0.375765350253834	0.336434607287597	0.553199526881692
0.573943403809785	0.651290500497702	0.605438724657079	0.551799845848617	0.546853262084799
0.539894872055963	0.632465547789751	0.545666435787994	0.566681544970187	0.527745323015366
0.507373720995225	0.528986426353123	0.476233799896219	0.431027200279521	0.547946214888507
0.456528627877406	0.474308638270269	0.514992322524703	0.467510964385401	0.546899585612746
0.506775289587785	0.526689201907538	0.372994799677959	0.34000540165654	0.546113007963114
0.58320530160955	0.670401727252002	0.467122666880448	0.424640757876913	0.555551539830734
0.541113514040992	0.63241127090426	0.738836396408248	0.685221290029622	0.546494141275025
0.508444451286784	0.553999718962359	0.608518726791521	0.544694221311658	0.551812511895378
0.55777592095819	0.678596956049792	0.806755303793381	0.720153997636926	0.554521669979296
0.566956955498999	0.623203887028282	0.660734554989736	0.598142573747892	0.553853850105552
0.486448011379489	0.531199721969967	0.46938505385272	0.42973399323887	0.551263854508987
0.546597363564456	0.602805521989259	0.73414304026058	0.670814874930823	0.547946214888507
0.490585857218711	0.514661452582787	0.42140526062603	0.376622065958711	0.55028376065659
0.544088512509724	0.584930914693642	0.812793426042891	0.731207892325095	0.551911369245014
0.537372810565348	0.58886225618226	0.57400904041591	0.605876745904608	0.521246857208647
0.50499835206837	0.513395388742027	0.473285996038059	0.4208272963081	0.553275114726364
0.537653024426309	0.626115934366598	0.793282029768795	0.70327850074336	0.560930393060749
0.597709063599687	0.61514631289233	0.00887632909062124	0.00926927902311389	0.55563378633737
0.532523632122971	0.59899418582975	0.598801258532141	0.545529241197926	0.551499576128346
0.487158306881796	0.518892241449122	0.561735164717528	0.512761771196416	0.548048956109309
0.52746378807629	0.591391304973849	0.601719930397755	0.544841228019446	0.556584518150893
0.582527492329423	0.653494682771629	0.625757017664417	0.581671501149223	0.546899585612746
0.454324595389643	0.423311975745289	0.525548205232671	0.550278329814514	0.527103745092493
0.544568043991361	0.596461768161195	1.03296710393875	0.922087953567487	0.554728689447666
0.540930174133901	0.620457689633454	0.69652019872562	0.62476497051016	0.553895986798891
0.523825224737406	0.515487817004762	0.359107460721215	0.331824737373809	0.54213588206925
0.506054855500715	0.561972113245738	0.621847867409467	0.564750233747383	0.553199526881692
0.512251200611236	0.532635123292869	1.01011889004925	0.918254403097885	0.550082796778925
0.551853764200936	0.620112737901248	0.523415850034087	0.475987515721703	0.550645829750355
0.475437991103441	0.444192981753801	0.505145838949464	0.540276455436787	0.523839732922601
0.524944900297138	0.582329485331381	0.715851433594173	0.637519528524045	0.551911369245014
0.634218762080871	0.918330174552761	0.546878337040121	0.586140834571603	0.5189201310748
0.476572345134061	0.499519116883221	0.440006165470186	0.397531660976874	0.552402114432909
0.563249133937605	0.531011571098646	0.589594875102967	0.636020274230646	0.510458573143709
0.50957091162948	0.533146936272511	0.513862000533136	0.469391244713719	0.546113007963114
0.556184855598483	0.624924495392188	0.566552722748767	0.586280354182993	0.527550594131863
0.539322659031195	0.614706223854683	0.514847340781783	0.459749563266774	0.56350708080667
0.487503237943631	0.498151626878162	0.398321683814725	0.358332211159759	0.546382433293802
0.512961151559526	0.528308624459524	0.512679055131558	0.538088211129424	0.527337496843353
0.524387043181219	0.569989005811627	0.562392960569127	0.588211782145293	0.52507910886314
0.534439589347963	0.599263870008166	0.599892634886683	0.543282878435946	0.551812511895378
0.501395798410409	0.558289313715956	0.464314599581851	0.426468468721531	0.545386327916495
0.56018437601702	0.608289754251115	0.582215400861537	0.532052196876258	0.546382433293802
0.459784047388057	0.44845366195917	0.407559668818978	0.362576900839466	0.550182023857801
0.453085704426136	0.486199396015699	0.475679123362922	0.433670929269997	0.551263854508987
0.524981100402804	0.510906246422403	0.329554310551468	0.295717043619701	0.548293578793632
0.558476033417708	0.659889204477538	0.881502671069163	0.804367039906833	0.553199526881692
0.461509295249114	0.484088684089711	0.333775718048372	0.296032345432908	0.556088466985464
0.523239645827534	0.539576926693713	0.586214243482531	0.529844077182553	0.546098620762141
0.594493702643495	0.619716657675662	0.439314755358001	0.391695108806204	0.553199526881692
0.516688700225124	0.569079893225197	0.720907788559961	0.660165584947041	0.545570886895008
0.563685751497679	0.66141040012888	0.77078875611554	0.70135968876192	0.546899585612746
0.535762009763713	0.56618044086158	0.579370593252553	0.534068267699335	0.540941605835757
0.519467301248839	0.573801066495891	0.662542729414045	0.60290569081346	0.549327181227462
0.512793200642331	0.551625999293075	0.508495331456995	0.464490237616424	0.546283202843215
0.523133532563684	0.59977632667367	0.277616768469401	0.248240609259689	0.561153995757714
0.529140752406645	0.546535516940452	0.487878808803446	0.439698378197435	0.546098620762141
0.53894265827482	0.642162116751574	0.538777694139664	0.566095643844446	0.525513265939255
0.477687053263137	0.503939262008156	0.586707025164837	0.530469994867862	0.553199526881692
0.517909471627195	0.525578322800711	0.590163982631523	0.540204255411313	0.561153995757714
0.541033393475043	0.572169875861288	0.534239577601434	0.485300710490715	0.549327181227462
0.50545531544696	0.554814079324885	0.508901738737287	0.467831210397866	0.545722692800331
0.451065554123694	0.475330617716318	0.358290012302206	0.317716857525301	0.551499576128346
0.581554682415523	0.706491239262435	0.724127984095392	0.628577337513473	0.590272542270064
0.53986536437623	0.612721774187589	0.783066262961392	0.724799697228171	0.546676141418326
0.516873285498344	0.574298651600136	0.588437943617411	0.53848661950896	0.548366339208483
0.551501123295295	0.631516574520214	0.503895523448164	0.534223944976451	0.525901272029747
0.51082055353395	0.5401484506486	0.532838924437947	0.489537235044106	0.54443051913819
0.617915975621715	0.718610335651574	0.462934140398346	0.422482337086817	0.560930393060749
0.498597588891571	0.503837530579699	0.367603278370358	0.327382287723321	0.55028376065659
0.496630320165991	0.506013140057512	0.411343645775624	0.369315178224314	0.556088466985464
0.535411679323618	0.653217571346655	0.515808510244854	0.573724897705624	0.510458573143709
0.541225812537631	0.558609801663865	0.549147593183981	0.582252175937556	0.522158897646525
0.492580415700033	0.504801787886987	0.152145648573356	0.137970914942241	0.554728689447666
0.554785163527741	0.615172611771739	0.65942748874246	0.591061884848564	0.551911369245014
0.46956077631265	0.447175090217042	0.332409561009934	0.29685816810301	0.547912085459279
0.451895249015624	0.472508611004364	0.415963506228258	0.376119444625522	0.550103553454263
