Hs	Hrs	He	Hal	Ht
0.583755029215216	0.717559111952856	0.56558635694471	0.596777657537272	0.522158897646525
0.515550784250194	0.523030490408083	0.367551068322358	0.330604850420958	0.549501681365382
0.541944977046391	0.549888812194644	0.393905726021578	0.356232949679568	0.543131381429203
0.544074911700454	0.615389699701447	0.540207340327331	0.565636087967826	0.52624947920195
0.41620889650322	0.40977139038675	0.340226298863081	0.303226675540767	0.549501681365382
0.455641671438364	0.458386699142837	0.163712108733499	0.146245537464941	0.56350708080667
0.478311642892231	0.464619951964412	0.361630223708487	0.324118449256342	0.546494141275025
0.514979589671903	0.558571735148741	0.702216802290752	0.630419230994951	0.55049840070813
0.501460707297128	0.532077466246249	0.378408396981298	0.347079926292301	0.549357036289163
0.57718025316245	0.645199128497661	0.715803990793638	0.649156548874828	0.551812511895378
0.558926104596886	0.691715577547932	0.536621653296484	0.57727149637082	0.5189201310748
0.514689023344571	0.56811958525912	0.518464967655464	0.546214787714369	0.52624947920195
0.505051594907001	0.534649230191078	0.5213942201633	0.554021876091353	0.524039608246999
0.461104875968101	0.486520955385634	0.368528125467852	0.32863862537381	0.549467314022794
0.469070071804251	0.487528608424336	0.504895530120384	0.456062128448791	0.547645655127624
0.500144075441968	0.496095155717573	0.37824550073505	0.341233505321582	0.55028376065659
0.512044661054688	0.519853585309724	0.54771133518643	0.486998487795507	0.557209887646797
0.543140124181293	0.590249696234693	0.532798754483293	0.553501371772731	0.528237724820117
0.555240631352531	0.634134006700165	0.620813986775857	0.562180234683794	0.553199526881692
0.440517413927659	0.387034349943084	0.161319398069564	0.13819796369516	0.56350708080667
0.524307125699415	0.567568219230297	0.567021410506548	0.513199857758695	0.548635451738003
0.449132007343283	0.444428932445398	0.485275601924614	0.527530814514189	0.521870047665536
0.514778367264312	0.527727023840752	9.50055009106636e-05	0.00212785553045419	0.56350708080667
0.492496992369842	0.534763091699837	0.462930354045207	0.498207567367142	0.526021483340938
0.506602796807098	0.522128449839418	0.505965910454604	0.445319767793723	0.553199526881692
0.525681308252801	0.540406497261449	0.811001274581126	0.72386538125642	0.548775349976467
0.573883601114407	0.678517002088936	0.585375154997585	0.604648516075712	0.527103745092493
0.534546336438867	0.590065963124688	0.543178735230431	0.49026902950497	0.548293578793632
0.534156625224636	0.525252328710437	0.442375703393662	0.479909106517029	0.52624947920195
0.509052757950629	0.506538284895304	0.545111185808586	0.574550015207184	0.524231147721427
0.467413142781923	0.47511354689503	0.465696103161085	0.416281398653091	0.549420075523522
0.526658192041873	0.568640885550875	0.528457818045371	0.559814031393306	0.524231147721427
0.507626725567931	0.576776285503171	0.546265444891813	0.575575552102265	0.524231147721427
0.475663181635344	0.492388023619152	0.429666077047482	0.383247843949117	0.549420075523522
0.526565181509908	0.579061013753329	0.518386286641171	0.553741924754004	0.52294609888958
0.535885491359053	0.562535408503724	0.372500011710482	0.336229704290945	0.552302606556584
0.54778056108356	0.640540999372141	0.588352390048155	0.612303159065222	0.524760278233393
0.630384650525544	0.685772961264701	0.583021203861271	0.531698144918884	0.551263854508987
0.538155281748181	0.584175063269486	0.555451808371885	0.596116928048915	0.517412096010608
0.493522690362819	0.484865746045931	0.246443994406031	0.217656279134561	0.553077368336304
0.50059409261678	0.538991324539475	0.548188980861529	0.498667459237984	0.551812511895378
0.547865583364042	0.58566326864077	0.384080605657163	0.345173364910575	0.55810248424622
0.558100907388123	0.604842257941398	0.502860626473314	0.461520237128253	0.548293578793632
0.518095763176026	0.512680476034178	0.295192546641547	0.261838733998833	0.554027427363303
0.518237590363738	0.560709280912085	0.522685335022775	0.544321295387914	0.528237724820117
0.452725922399626	0.439563639303835	0.455347056573491	0.498101504155287	0.523631015086528
0.563460230192619	0.720734075773641	0.509680409148779	0.546710255243599	0.522696057786118
0.497329751879754	0.518260227560413	0.567086997156978	0.510574258746462	0.547589340521879
0.550696672190627	0.566459654060333	0.370450982760856	0.331956459245993	0.546098620762141
0.48458778731538	0.514920174469796	0.574540013650247	0.519764409114311	0.546098620762141
0.524663309850562	0.587641131153685	0.5206252276742	0.543460483745727	0.527923653684637
0.572840291991473	0.737799017330397	0.530279786470387	0.576483266028147	0.516233037400826
0.490674501818043	0.494422095317473	0.44341977740297	0.401573487285594	0.546853262084799
0.572117869433292	0.649578156955383	0.638576512949364	0.58452821658291	0.546494141275025
0.516579841302995	0.52764856899479	0.101799390201513	0.0909565597118338	0.560930393060749
0.508725312667314	0.493541191561277	0.187219411548791	0.162791781003342	0.557209887646797
0.480719184246791	0.482991467659653	0.555960634808092	0.486554637029014	0.55810248424622
0.459103788684741	0.445802283379078	0.210501244553275	0.181783079362315	0.558639125389869
0.531854461786987	0.617495504604019	0.915798831395309	0.819022118082748	0.556584518150893
0.532098873280513	0.586787293169055	0.671600741672295	0.592994022541417	0.558639125389869
0.444760856954712	0.473685352319036	0.422903030518819	0.382487198184582	0.54675171320742
0.578829524283998	0.64119678833712	0.665688830261821	0.609228611510951	0.546113007963114
0.559704785336747	0.610413631207162	0.601875395817949	0.544750084887458	0.551263854508987
0.518853020975409	0.554434548643789	0.755310601486918	0.674388516087708	0.557584822072002
0.437197742815977	0.412240501359345	0.328411366776023	0.294706416529571	0.548440631543976
0.483610272762683	0.469666547800912	0.206668521954696	0.182590515255947	0.553853850105552
0.48264914106447	0.479384323495907	0.192226929064784	0.174328116924278	0.557209887646797
0.473333065409617	0.464136578797496	0.304093039503152	0.267382480902145	0.558639125389869
0.583415881628466	0.676098256822782	0.536000776313346	0.47499631300884	0.55810248424622
0.497710759748563	0.555775535598178	0.46116937029595	0.498128516641311	0.525513265939255
0.487563862821209	0.504591395794722	0.425399534904458	0.473643077929191	0.523412907059057
0.528651438573821	0.589303564322805	0.616716194812213	0.557549913493107	0.553199526881692
0.5112846136106	0.559742742018487	0.694098221856907	0.622616574476776	0.555551539830734
0.526520446748596	0.528039676556909	0.538630052645636	0.489719401949871	0.546487750305797
0.494044263291524	0.54571870675452	0.610027274767958	0.550119817488647	0.54675171320742
0.525330981946275	0.580062070684802	0.582357731198513	0.525551373569715	0.549501681365382
0.467383357677851	0.496522879415835	0.485216061633188	0.511208812544373	0.528087292624469
0.487475806877299	0.496572342367471	0.64810454275233	0.581693506287567	0.548366339208483
0.54536918174315	0.572430249718355	0.506272089434504	0.539940393699995	0.524414820732427
0.50776655233013	0.555446196001538	0.623946528890125	0.575813125064345	0.542228917757359
0.55008064604333	0.594963996180397	0.573838053233396	0.522015158191247	0.547645655127624
0.474299222095446	0.493579874566611	0.533222647943674	0.478633376341268	0.551612252119523
0.518319827081659	0.519525248543392	0.398057099524458	0.347872736551323	0.55810248424622
0.487589699728216	0.493030618045589	0.512097734355932	0.455141477072837	0.556584518150893
0.550815816232632	0.575155565665573	0.480690578598663	0.438133822402232	0.544453650613355
0.47033052960207	0.490099126764118	0.281179401229832	0.253927319864068	0.549357036289163
0.518060257328383	0.547993966435895	0.455734641712507	0.487167472860201	0.527550594131863
0.440892486903077	0.55786484361923	0.335929865932309	0.27659920166484	0.588148397702131
0.45040967449421	0.433890934334051	0.428230755654386	0.384492377785633	0.543404048253195
0.578245377118935	0.689750838146972	0.584954049289806	0.609223004241141	0.524760278233393
0.526452274271064	0.590107982418062	1.13739108310788	1.0189685847926	0.554728689447666
0.52313097708084	0.61027007926193	0.465792949758385	0.53291126588541	0.510458573143709
0.574656217324056	0.649026599555935	0.547399604629981	0.496316172075655	0.547946214888507
0.545626835546071	0.638307779094975	0.596234234218968	0.545330772737361	0.552620472826294
0.49767796876809	0.496654339019983	0.249631395175784	0.218488439165474	0.556353045275463
0.496564297230412	0.53628349021258	0.683831858108122	0.615654837409173	0.551911369245014
0.574472593790113	0.63259457408545	0.677985718251747	0.61631075200382	0.544696057605311
0.520844133295777	0.597226588159473	0.741102772576873	0.665039533317454	0.551263854508987
0.49871814773753	0.545813926549138	0.543726921667026	0.567322330400001	0.526846672002587
0.540098939996813	0.607218794078646	0.732128357511653	0.66541716924035	0.547645655127624
0.493057123548482	0.540313443282881	0.600572295789174	0.547485944396282	0.548971614619562
0.540995715778634	0.585991783407339	0.75717682141712	0.690915539823284	0.552620472826294
0.454243077106725	0.452556621926985	0.482075134962659	0.523572520884075	0.522433933216851
0.474675310982228	0.479278061368181	0.512062346470057	0.464685504124283	0.546595148877602
0.54672468121511	0.609938660793253	-0.12900374553943	-0.112888648513509	0.562179480938369
0.467063661271413	0.432047947209694	0.511312621474896	0.543543638852646	0.524760278233393
0.486200915390099	0.478150167575239	0.00742993267723692	0.00824054000668215	0.562179480938369
0.524884361738367	0.570407299710442	0.647734693191081	0.583357046305447	0.557584822072002
0.492393059371171	0.563792989355589	0.444868284568978	0.502117274350675	0.517946411642854
0.536418438976031	0.568325844158845	0.616539345904082	0.559657893811532	0.548775349976467
0.41634014804878	0.321058096785691	0.470562272874945	0.506581017113734	0.525374025113182
0.472779531385845	0.433261113768005	0.249041759550715	0.225396677620204	0.551911369245014
0.56040108483536	0.665586679600591	0.868031021189781	0.788006230950725	0.553486364153921
0.526520161369377	0.649399536705396	0.552167043750373	0.578708368512664	0.52522940108566
0.520316857645485	0.591049835598658	0.366189996449054	0.333469157892561	0.552402114432909
0.501627799524499	0.486457185871432	-0.0561944472314005	-0.0496100000103123	0.550082796778925
0.537871435985435	0.559691514432519	0.551466649951165	0.493959633688748	0.550524356087047
0.496124968611073	0.527266041651686	0.423797215527664	0.384529300582664	0.550103553454263
0.475545240009472	0.445516251995754	0.464903622565391	0.504237166656568	0.524414820732427
0.527071393745998	0.550601503419058	0.544529017618414	0.493361683641262	0.550524356087047
0.560226385891378	0.595481439754244	0.578561551775723	0.51673399888176	0.552402114432909
0.495774832517647	0.543668872387216	0.47910331970543	0.428907372155494	0.553895986798891
0.532315783873001	0.598962602155186	0.680252458643401	0.609808887828759	0.553895986798891
0.50382268977072	0.582631631736472	0.650961251130109	0.57545623847351	0.55810248424622
0.548876430888605	0.594957754496716	0.546946531973416	0.497179492202074	0.547645655127624
0.562430469508145	0.62164431050251	0.403330661459966	0.365011923981446	0.552402114432909
0.461501323005576	0.484502089840281	0.492083774204966	0.538435789689837	0.519364734392739
0.460766345062632	0.432834545238149	0.479298451714741	0.507147942386994	0.527745323015366
0.504033939059693	0.525282238192741	0.464510001436658	0.410890395925804	0.55049840070813
0.550932353365883	0.639859198821348	0.777663620138641	0.701875362686967	0.556088466985464
0.525976299301635	0.575742126248446	0.62783556884778	0.568050900610842	0.54969508104467
0.502013444210565	0.517610471155221	0.502470239515712	0.462728556502936	0.549420075523522
0.469248059675461	0.423640243601665	-0.184753225502733	-0.160995647149839	0.556584518150893
0.504823505523942	0.568838458389672	0.470282041337396	0.418199847109958	0.553199526881692
0.491982979870566	0.50172650995962	0.506205409366664	0.530494201717498	0.527923653684637
0.535395115649196	0.610012785993685	0.508746005705951	0.538190399379007	0.526021483340938
0.44334969728732	0.440208864571494	0.318016944683217	0.29247140158577	0.538523001057647
0.45409354160729	0.464510401475114	0.137346931451388	0.124644570038565	0.549467314022794
0.482285644238691	0.481692545059231	0.431890480636462	0.394369149065067	0.546510180611498
0.458187865472989	0.454175462119571	0.366722377725312	0.332607612566907	0.541128081844073
0.533686454946825	0.519967812761426	0.256751266132495	0.231556290409516	0.554521669979296
0.468261150060628	0.493742212866716	0.519814679824946	0.472234549684547	0.547645655127624
0.586552080746854	0.702279806585153	0.761172370410838	0.700639154203004	0.553077368336304
0.55375428330271	0.616270293144231	0.439751097473344	0.39396218015248	0.554750359061914
0.516883832347033	0.57548976076113	0.611886502897987	0.55826231857036	0.549357036289163
0.49144966040095	0.535646081381155	0.498007482321227	0.530050369072938	0.525513265939255
0.481568534230536	0.505000157188807	0.364942303487421	0.331671276466668	0.546853262084799
0.491410061518943	0.521266062995823	0.409665666050046	0.36820787285521	0.547912085459279
0.476209923755005	0.528401115426554	0.490168069019841	0.522513641503317	0.525776647522227
0.532426077623592	0.622571818389769	1.1066402962881	0.990598607437137	0.562179480938369
0.499548975689649	0.562225466704683	0.680215017037456	0.604546850105894	0.560930393060749
0.53780828851813	0.570191050095406	0.710431060207387	0.644739114752754	0.548971614619562
0.5468910170899	0.569660813055823	0.491830329236973	0.518246564013714	0.527745323015366
0.56395580322279	0.645078796771456	0.773858256338047	0.719353247940126	0.539375977984428
0.529965137757017	0.605076467589391	0.559149748903857	0.592168625646118	0.521566395157487
0.437692525193971	0.452308398185279	0.453209393722476	0.492110954868356	0.52522940108566
0.518800641542573	0.570437546061656	0.546238055089159	0.499673379604484	0.55028376065659
0.604874013532359	0.652899171593002	-0.123793792010921	-0.109590492327215	0.550082796778925
0.531722934697721	0.540399331157969	0.66269428184888	0.579946021243921	0.553895986798891
0.577983025778745	0.802142160641026	0.604118943693236	0.515101019026891	0.607145758095678
0.47583639850688	0.518956619285239	0.578366265692492	0.530329452125241	0.54095699825196
0.509638296831635	0.523814692044495	0.513644633086359	0.467382013529767	0.545969827595227
0.539962847356133	0.588737163410753	0.559512019193496	0.511196368246646	0.549357036289163
0.426465176205238	0.446913237999728	0.48273245620188	0.513842525269829	0.526563148333194
0.461730764240199	0.476446058643649	0.329280248506483	0.288309605034894	0.557209887646797
0.50342614196534	0.534364280983	0.602459485175652	0.539945617608876	0.553275114726364
0.509876960000143	0.559649076629445	0.342892319762202	0.310094471874817	0.550645829750355
0.53258822516064	0.597889925128116	0.54944424368366	0.478199298244934	0.556088466985464
0.535041525565896	0.58940454331715	0.713820073688262	0.64695131838503	0.554521669979296
0.554126487916512	0.622580411604928	0.76553329210899	0.693416157537233	0.550645829750355
0.435664816935238	0.360126318916801	0.197223401396617	0.177689585926529	0.550082796778925
0.54546363832528	0.579631136112375	0.525884947027935	0.481305655264009	0.541333504766553
0.438423295026088	0.443551349249371	0.42563571139639	0.376821744061683	0.550415151959234
0.521176899867713	0.555533479877995	0.68990639989606	0.623759286344777	0.54969508104467
0.579756697339691	0.647899992342493	0.510357577091822	0.537414258487055	0.526846672002587
0.526112119286154	0.585693684490869	0.601725609492053	0.552988230790463	0.541923780951238
0.511019386490996	0.538640230072506	0.465341852631755	0.497019181780911	0.527103745092493
0.465913180135034	0.481744982407652	0.472857058053758	0.506458002063224	0.526137487751097
0.609551074274572	0.797762545290563	0.607572547130687	0.638806721485842	0.519364734392739
0.530315810042593	0.603165803568187	0.494110778371496	0.450353720130253	0.550645829750355
0.569486774938584	0.66881358492593	0.765665379033069	0.689553904118481	0.551911369245014
0.455105559695072	0.431261691497737	0.364227560796335	0.314082556377703	0.553486364153921
0.501855060880834	0.537035790302843	0.582533617382544	0.519076769776039	0.545386327916495
0.413902977605442	0.326675326780268	0.461219337145437	0.489443805763553	0.528237724820117
0.454450165597257	0.453053998680179	0.470488327429013	0.515006234130439	0.521870047665536
0.500415574769183	0.512190739135416	0.517409877276312	0.543697288357519	0.526846672002587
0.535956524331295	0.541381876499426	0.485160608610629	0.520766991224531	0.524760278233393
0.570566302920332	0.821878907337198	0.598131531435915	0.519881400262041	0.590272542270064
0.48109887256382	0.455947236239851	0.113092509507068	0.0999780266219483	0.551911369245014
0.539470474914383	0.626164274755655	0.915606719387708	0.833028931125986	0.548366339208483
0.502109694262063	0.554981233781143	0.519307120277515	0.475441459785435	0.543837956493502
0.536597062545171	0.561045423304939	0.413393999179979	0.367798145913126	0.554750359061914
0.559020160612102	0.657045670328434	0.53228867189293	0.575258073546834	0.517946411642854
0.549444586569225	0.652655910067428	0.553147986432966	0.581321291051605	0.524414820732427
0.460000970265994	0.465213431835929	0.48173026943421	0.507570282342885	0.528237724820117
0.494554628505872	0.476662443379558	0.542425312689373	0.569670402485984	0.525374025113182
0.554298878367742	0.659167381808379	0.400849307609694	0.356299136105193	0.56350708080667
0.477025936623837	0.472682961606035	0.338333306597037	0.30663790725808	0.544890062510223
0.471505834398547	0.474715000983735	0.501442196661241	0.44261234707951	0.554728689447666
0.59256979853372	0.667703375314894	0.72780413002804	0.663302961185761	0.545086373972636
0.48325616505094	0.498906853615775	0.386172659661413	0.352545673120849	0.54213588206925
0.481138054583506	0.480313368176942	0.446796670409655	0.404138377606805	0.545969827595227
0.466050118207985	0.511951367111843	0.419381813398317	0.373202712595509	0.553853850105552
0.515408100576068	0.520497619803295	0.495218368799432	0.534237117078249	0.522696057786118
0.52175527433225	0.586566130325189	0.527531126334676	0.555763282814469	0.525647390180549
0.525553711257905	0.567111441325813	0.607986171641151	0.557267107139352	0.544325068541353
0.553753662491617	0.61702322028477	0.711909319591019	0.638421843587462	0.554027427363303
0.406717712541941	0.305024166491272	0.364229237831437	0.315746647942003	0.550082796778925
0.587896509430178	0.701856099598939	0.511656439332411	0.540762636827964	0.526021483340938
0.500162164845701	0.556183314672348	0.477629583966585	0.511259909694682	0.525901272029747
0.541825040904112	0.595178059126235	0.543600778211882	0.565346894949398	0.527550594131863
0.522994771019529	0.543744428420916	0.49269505757983	0.522866598791861	0.526462142563358
0.521074662399595	0.561420368571196	0.116386892759676	0.106782129378492	0.551499576128346
0.512371101129109	0.5550946768899	0.643843897261764	0.577629397373724	0.548257693389133
0.545522583798144	0.601448362212988	0.46794081801839	0.425305493837493	0.549467314022794
0.541626943615629	0.586026894653249	0.429361394535892	0.38985986461536	0.547645655127624
0.484109463438809	0.489557560919008	0.489095486879811	0.52737196683662	0.523412907059057
0.495360390471102	0.542206032126589	0.441543976437924	0.396469777672222	0.554728689447666
0.492666508923806	0.507526231721066	0.536788473517119	0.483712008994404	0.548775349976467
0.505784920951261	0.542328600537832	0.812023426553207	0.722019251544971	0.554728689447666
0.486128411298409	0.50136109116337	0.511470440302168	0.45793809317641	0.550182023857801
0.484870712250693	0.521551929490089	0.579133182824518	0.524583475919098	0.552302606556584
0.542167075294277	0.608474764744296	0.613701920189653	0.563271139826676	0.547946214888507
0.545080962765626	0.594961478794331	0.640073558203578	0.587028451230315	0.547452263349479
0.4755820723256	0.477493765839112	0.382275870950187	0.34728233410206	0.546098620762141
0.482737817826286	0.490060903825842	0.51918786481764	0.466888502787701	0.549501681365382
0.570570440164784	0.649583008092586	0.634117073623285	0.58543218002534	0.547645655127624
0.483804744975144	0.442966869505097	0.15565772207523	0.137045082255225	0.555551539830734
0.504291741566929	0.55622075287908	0.695797093485037	0.631783801445853	0.551263854508987
0.585583313569814	0.675859156238126	0.516087803584982	0.464353849950403	0.556584518150893
0.541127208459583	0.621344619316441	0.89135221450958	0.800754974398802	0.552302606556584
0.549308353367499	0.602859560536941	0.659049592496473	0.602069096965303	0.550791138744376
0.469693807909624	0.475085004462713	0.630869059342002	0.551581207940081	0.553077368336304
0.499893988560357	0.560410909183088	0.53575814698295	0.580126532138824	0.51684213486227
0.474336186089322	0.492705479782033	0.45365546719497	0.408693584020467	0.544321497895929
0.470432937137846	0.509082967434161	0.457754540202306	0.407418732560562	0.547589340521879
0.504755292499888	0.569067229361799	0.627537760264294	0.558172017474799	0.557795963321143
0.595757638529831	0.622565137543511	0.382990396513745	0.344030359479501	0.549467314022794
0.513447220147993	0.550292234023078	0.512885585192056	0.553814668313754	0.52055524824549
0.490308874318927	0.496157622608558	0.454781396968619	0.412343836045606	0.546595148877602
0.529863478841951	0.586213253231608	0.681965152454006	0.627846607848364	0.546098620762141
0.527229785635578	0.557235664168021	0.552548277759796	0.495729675666614	0.556353045275463
0.45307135848889	0.437484226735773	0.34805511623357	0.316643442030025	0.548440631543976
0.550005823371168	0.573801858231191	0.477348720420727	0.516792304974033	0.523631015086528
0.522584632415854	0.528199814859794	0.485243709908866	0.443121229013675	0.542742154512044
0.542179099027194	0.699408924676457	0.54976707219906	0.595320018252147	0.514881067314304
0.528053512175586	0.568667379677048	0.543261924025083	0.493412009565933	0.556088466985464
0.540463945117	0.564555549060746	0.550447168440009	0.571571432485678	0.527550594131863
0.468259076091489	0.538160465742776	0.342756443470033	0.311226614188728	0.548971614619562
0.503447579634807	0.583412280218229	0.573090694440456	0.515212149515807	0.556353045275463
0.528218576852138	0.535443615997037	0.654556155092057	0.583567476311251	0.561153995757714
0.513385921825882	0.567788197108043	0.486948430561554	0.519045387879275	0.526021483340938
0.492017711867579	0.520991804168359	0.494775728773719	0.449160242396392	0.553486364153921
0.537741865779725	0.589469751729398	0.775195819994398	0.664731292557133	0.559752426533746
0.572345645826674	0.601920217770565	0.516851771037999	0.472960801382339	0.542597383958813
0.443625257643553	0.421886446603892	-0.040063909136689	-0.0329197540289293	0.554728689447666
0.473676433196502	0.492696901838722	0.474899559739396	0.422126921298501	0.553199526881692
0.555173956662667	0.621947860327412	0.567311394727749	0.516096013971086	0.545969827595227
0.522962210778462	0.582295556822617	0.567927467503035	0.519636636029874	0.552402114432909
0.437877688369915	0.444802951119955	0.24790026293563	0.215722390667295	0.56350708080667
0.489707221072522	0.497491581435364	0.443492953127114	0.401650210253347	0.547589340521879
0.413777638843841	0.363149308399948	0.433876032207613	0.493196811992676	0.517946411642854
0.526111430846474	0.581211883140973	0.793216906167499	0.716799067198835	0.557209887646797
0.531578917033078	0.574184605667941	0.491204267911984	0.516538020422969	0.528087292624469
0.534289350021869	0.539424653607618	0.409300217368977	0.368397494782334	0.547946214888507
0.521161385141913	0.535988663877351	0.490446343192506	0.437570726018716	0.551911369245014
0.514020480484414	0.612057417535051	0.540828911906322	0.563416220410676	0.527337496843353
0.449529954779547	0.371683504275498	0.402521686136302	0.462159328712864	0.52055524824549
0.54784633691943	0.568919752800014	0.465957645418773	0.415198892041102	0.552402114432909
0.553408955737498	0.623630672048621	0.555591668910144	0.505702165061064	0.550182023857801
0.487803869657804	0.544399883518173	0.47649414250075	0.430202851115329	0.550645829750355
0.608827901403667	0.791615683916707	0.554032973903792	0.60015031900314	0.514128554714838
0.52458077195465	0.629436538884956	0.502506149881693	0.551938769595177	0.51684213486227
0.499346816850362	0.566336411677862	0.513873123596154	0.556143120525339	0.519784176429582
0.502218808520965	0.598694819043654	0.498108393548614	0.534170528196939	0.523839732922601
0.532684411248008	0.655017791478466	0.493170494247227	0.527709596596904	0.524760278233393
0.497039505668897	0.487318302722538	0.492769412934672	0.532707416437153	0.522433933216851
0.453420323204802	0.476562366128745	0.415594487126015	0.368529072680711	0.551812511895378
0.471280852053255	0.502037183409374	0.555410575191861	0.496568960059931	0.548971614619562
0.524445160804191	0.568805894189784	0.484549737256229	0.520238761323375	0.524760278233393
0.475582398375952	0.502996904898148	0.444446938166207	0.493221265287866	0.521870047665536
0.526292648716139	0.600448498529366	0.562547648413939	0.512702337798945	0.550791138744376
0.517906412811517	0.594223138910216	0.708230622968112	0.632163172615041	0.558639125389869
0.589384188847117	0.714029781222675	0.75902896492325	0.689938545951676	0.552620472826294
0.548992748537873	0.632469620430405	0.539882183894005	0.560904741695717	0.527923653684637
0.487085441299451	0.501385998370777	0.342056027246429	0.312711611965153	0.540941605835757
0.525580706803374	0.538197995864781	0.371772055296633	0.341462685370587	0.543404048253195
0.547422044417662	0.711894908586459	0.57107233754296	0.611547594979942	0.516233037400826
0.47706208294317	0.489029864074979	0.557163780438508	0.495262081905051	0.55810248424622
0.540037844484795	0.563751124414093	0.554828708774633	0.510071220143336	0.540475558870087
0.599920110875212	0.730195124500291	0.904915504466767	0.827261775776369	0.553275114726364
0.560586026492938	0.667625745378927	0.788303011147236	0.704868468206266	0.558639125389869
0.510995188541234	0.609366326632466	0.537972202173665	0.578436799162415	0.5189201310748
0.513018876387893	0.527666091514091	0.467048489590627	0.428764442120676	0.542228917757359
0.562056135955884	0.627120669545505	0.520041419780995	0.557388549089346	0.521870047665536
0.538868338651788	0.562032336282503	0.650507523746214	0.577815187797446	0.550791138744376
0.572986666619995	0.679882175431145	0.804209460796815	0.736922125122992	0.550791138744376
0.534261635513281	0.614022719860157	0.810949696966664	0.733685631482382	0.553853850105552
0.467267330112606	0.496222138680527	0.422321739657468	0.383160669590391	0.545086373972636
0.669188516422738	0.907982070197807	0.63813448299969	0.660831403766911	0.52294609888958
0.472824747876434	0.461107854375307	0.505518898351684	0.537339482641756	0.52522940108566
0.515643813481764	0.607543559861088	0.559970148070496	0.583970403044211	0.526021483340938
0.475868312633648	0.417983834327857	0.467932262475721	0.512203395508598	0.522158897646525
0.502641179673758	0.531687881999008	0.442756610340067	0.408383170567156	0.543390983003582
0.470074297009343	0.480155160336432	0.467451302134345	0.503903720086227	0.525374025113182
0.533422348764295	0.597220717633895	0.525520397774198	0.560480235666748	0.522696057786118
0.456980820156943	0.468212135800894	0.379813104484306	0.348101503741736	0.538293290143628
0.584155113243596	0.695478127709911	0.777002575321423	0.704348388505143	0.553853850105552
0.566836098172698	0.657521568619853	0.53235183882667	0.558065503713075	0.526462142563358
0.59057728122152	0.65340648157081	0.689292126382505	0.630883301898557	0.542597383958813
0.509464964087159	0.573824587612604	0.532666071694558	0.559437200153187	0.526021483340938
0.546373677044148	0.638193118189417	0.528221361373836	0.553369436796821	0.526846672002587
0.55295672511685	0.662418170100074	0.570081314476781	0.596851108153185	0.524231147721427
0.500698145418666	0.576629132206249	0.850679106906511	0.759631906531291	0.557209887646797
0.503343927032136	0.578496862204888	0.730003685078358	0.658867815337751	0.553275114726364
0.516866237310178	0.537144414556616	0.525021471956593	0.486078025188662	0.537181132316801
0.485098467502125	0.483809484858006	0.433444867685783	0.396163026765602	0.541690785555911
0.517420696469879	0.545433168479905	0.512780391659483	0.461864578013312	0.550182023857801
0.52210220602262	0.557233052521526	0.399463013581732	0.370050627366755	0.541128081844073
0.550598058553057	0.574715151746033	0.519415207494364	0.46728736336301	0.555551539830734
0.46451222756389	0.411947389743652	0.668619028750494	0.593719825814188	0.556584518150893
0.494123623766653	0.516340307915363	0.552120063465234	0.504094541610874	0.548775349976467
0.537189641562273	0.594552555724172	0.487769973677904	0.514044772647522	0.527923653684637
0.516022196127935	0.551061084802492	0.527344762286398	0.473537474638544	0.547452263349479
0.513677618117038	0.550230844279214	0.500014482684124	0.449867094178629	0.548293578793632
0.463194336855454	0.432746277074786	0.445573587389846	0.491585754132585	0.52294609888958
0.537997095119379	0.573852905950724	0.552755038964998	0.50639280904657	0.54675171320742
0.518185212166831	0.543059024993752	0.685735339131882	0.62072225069825	0.554027427363303
0.434583368187966	0.426226557839789	0.445859215174358	0.392907020759047	0.55049840070813
0.472588808409541	0.455777426214619	0.371973309885235	0.328903047943583	0.553895986798891
0.549624356036518	0.604743680918303	0.895892337415821	0.805236569048033	0.55563378633737
0.528303411163723	0.561877448930821	0.476973987842918	0.438079952498567	0.54387421333004
0.469411090021119	0.474274794715646	0.448327408825625	0.406765405591187	0.545570886895008
0.558340900274704	0.599059175720258	0.660513537161562	0.598294640241264	0.546899585612746
0.50686195392038	0.530607523254329	0.476126890117116	0.432603592488146	0.543404048253195
0.51019747458067	0.536581371582784	0.457698174850331	0.413831283824389	0.547645655127624
0.413158944529325	0.3916242704482	0.344556129579794	0.30279158841371	0.553895986798891
0.461625924851669	0.464539481307235	0.316260458304653	0.281360986879657	0.556088466985464
0.483139501681839	0.476332072452772	-0.274718842418778	-0.249971907079439	0.545386327916495
0.573635081010745	0.727174631610833	0.557274235775107	0.583290649616961	0.52522940108566
0.499827980088413	0.522741211991446	0.532988421112454	0.495937092782858	0.537742776481879
0.496746519009103	0.532303385391736	0.504183812886928	0.456756136974188	0.545570886895008
0.529405318759962	0.560367197270097	0.50812779236938	0.46530096516531	0.543404048253195
0.537465496583271	0.569418086473926	0.52135055624094	0.46847614647769	0.550082796778925
0.482935677552806	0.476728562020682	0.486031842418907	0.511396439665499	0.528237724820117
0.453732754035537	0.49768770620291	0.52258275326766	0.548319080628261	0.526846672002587
0.479763584637851	0.537370343123107	0.55721430439426	0.490123732593853	0.553275114726364
0.595351320818461	0.682892792272436	0.486586323003521	0.435648226922466	0.557795963321143
0.58984847314563	0.751352617170653	0.508348459802617	0.553939994269351	0.518448173844153
0.519275034897445	0.566511701571023	0.596291898676545	0.54376869105749	0.54213588206925
0.535368584607647	0.607415123224884	0.574557688695458	0.509724629408621	0.559752426533746
0.514931686004924	0.543523765788047	0.53903939375304	0.494644978817917	0.546510180611498
0.492703778702278	0.536015614052479	0.482919865574524	0.509169570102784	0.528087292624469
0.558680412018361	0.633803206919101	0.628954497457378	0.575052479237407	0.548293578793632
0.540379962585208	0.630278402183561	0.873992226420494	0.784532980746021	0.557209887646797
0.522345575301543	0.592435675686868	0.528976742507254	0.556144695659195	0.526021483340938
0.506915854074621	0.523534480030059	0.451957787358955	0.407194429699721	0.549501681365382
0.53241478098379	0.57491083461172	0.100713826004432	0.0889048627052285	0.55810248424622
0.460573044834275	0.464571095459495	0.400972693342298	0.358296215894511	0.557795963321143
0.509024243603636	0.522912146531407	0.463085455329813	0.493573727216758	0.527550594131863
0.46618986515611	0.465686080260703	0.344914418445481	0.311487714424873	0.55028376065659
0.575823655210158	0.636669760700297	0.661014087104419	0.606845707115001	0.545086373972636
0.456027493475248	0.423989761675868	0.331059330496688	0.287832943807245	0.55810248424622
0.560946149704023	0.607692508050187	0.66674795521185	0.610804372792064	0.547946214888507
0.409311500575351	0.377874325371063	0.463034214428468	0.49221468538429	0.527923653684637
0.492562087938524	0.522900892196761	0.361423851370789	0.327416879278778	0.550645829750355
0.500185756478153	0.544688095215676	0.412774844390365	0.370467695291665	0.547912085459279
0.492019971512179	0.536370650278871	0.598118793328937	0.524874687171642	0.559023229673786
0.478249050107204	0.485919995764898	0.59456152393883	0.531893717602203	0.554521669979296
0.516450245659064	0.575273148024607	0.530202916458067	0.474454948462095	0.551812511895378
0.536394391657851	0.578524759728709	0.538493330490049	0.481675826640487	0.558639125389869
0.562284220750911	0.657208682498793	0.913322757639019	0.815566586144047	0.551911369245014
0.531026462761485	0.623542087287475	0.539559241474792	0.56453262174363	0.526462142563358
0.54763100574617	0.717151210600136	0.509019861934044	0.546138459140111	0.522696057786118
0.569097695939602	0.627994615686949	0.171392810357416	0.15205495446706	0.560930393060749
0.570952344848232	0.645869130468627	0.65339276855021	0.59178601654632	0.552302606556584
0.465255684253592	0.504077847487737	0.464872400057034	0.426611965133728	0.540941605835757
0.501078397409618	0.542468421565966	0.507331411150049	0.537251074829083	0.525901272029747
0.458417747911535	0.456574588924651	0.171394147899014	0.148536937658929	0.558639125389869
0.51333732105248	0.582010486098527	0.510498524191668	0.46971356909517	0.543131381429203
0.582309000286716	0.688505862800113	0.915489970819476	0.818306159132825	0.557584822072002
0.516398768762534	0.512862867715027	0.423793379608465	0.380615754353039	0.554750359061914
0.530348273920373	0.596868979868446	0.650951483255082	0.584103678771642	0.553895986798891
0.428134716506652	0.415639290615008	0.342044149672093	0.302701545910637	0.553275114726364
0.44247373978987	0.446493370775924	0.478078473847663	0.510068815929112	0.526462142563358
0.496624385245924	0.504621740484154	0.602247376391314	0.532730360109351	0.554521669979296
0.517709713936427	0.570756816374306	0.659983748111826	0.604857212289347	0.546494141275025
0.524141882050579	0.562071836292351	0.64583014440551	0.560899758091802	0.561153995757714
0.5360007483659	0.558878957053348	0.51389207579536	0.46579639407898	0.546382433293802
0.477946554791491	0.527158663314659	0.612169038926635	0.536187548896526	0.556088466985464
0.505434246517947	0.617843803859379	0.451446905707549	0.513461592814882	0.514881067314304
0.520827036006975	0.555887040144629	0.663097576435247	0.593809378073599	0.553895986798891
0.506783155291148	0.541400126662363	0.318921484388471	0.292936033885096	0.542439936937771
0.58908207611364	0.670826491099404	0.670622773127226	0.606501649253401	0.554521669979296
0.522953254335699	0.549921469592719	0.609563231222403	0.555744939938698	0.544890062510223
0.550321115898346	0.624204373413341	0.712467087853222	0.635905554348607	0.554750359061914
0.513705530082027	0.603191658657921	0.908091236377219	0.838228797355571	0.544402692699929
0.500542683196064	0.533927842839884	0.50912343260375	0.465928439290261	0.543390983003582
0.55297841879622	0.635868585569272	0.511975550110824	0.463676631232024	0.557584822072002
0.451541297709598	0.428713186328715	0.525575838463197	0.45783595932276	0.558639125389869
0.529673477710047	0.602050706184633	0.577665811262896	0.529052599099962	0.55049840070813
0.49153770652918	0.525851275051301	0.688623033216775	0.619308814857121	0.55563378633737
0.436247652046668	0.439467194905441	0.557010946908408	0.496780415778018	0.547946214888507
0.501002904408173	0.507663493143517	0.457852175959495	0.40438785089673	0.553853850105552
0.496961318408013	0.518122458117183	0.289567112110876	0.25973558385482	0.553199526881692
0.489323776402057	0.519950964825951	0.520723020704286	0.469730105171433	0.551499576128346
0.533857230811141	0.619730192210029	0.519681034011716	0.548482078753097	0.525776647522227
0.505784434317582	0.570982376244756	0.482251741351662	0.533952291727682	0.517412096010608
0.530943136605588	0.572740795395333	0.491940366736405	0.52406205307825	0.525776647522227
0.502102626258964	0.557938311682227	0.521868017058139	0.550114880330247	0.525901272029747
0.444012648095357	0.454318999684518	0.537023209567991	0.486231772522444	0.546494141275025
0.525743048802507	0.583836546800155	0.567179761390881	0.500125044978391	0.55563378633737
0.56819488913489	0.547783250456917	0.376232466179216	0.338937700104255	0.546098620762141
0.493451904400263	0.50397682396372	0.424556209549899	0.374512530151491	0.553275114726364
0.489663271590536	0.525719248808315	0.426273325358395	0.387403441120047	0.549420075523522
0.597240008525684	0.713620380265319	0.458752315208752	0.411810447725919	0.557584822072002
0.53996483434824	0.553019083404287	0.498247580845242	0.455574712149689	0.539574905631806
0.473976545932646	0.496047815753035	0.479711079087521	0.42688560108905	0.551612252119523
0.502100091808743	0.545259588971472	0.451760920497002	0.402286681586065	0.552302606556584
0.545316806566206	0.696308170651158	0.536491233178893	0.580753560291724	0.51684213486227
0.565966830835996	0.653253621792177	0.521484896251001	0.477062895119707	0.55028376065659
0.493273903294455	0.489813553652505	0.450566157788417	0.406506321507505	0.546487750305797
0.478031240820114	0.499768135497784	0.557453616692658	0.490752883494609	0.559752426533746
0.450019863468481	0.40174389211541	-0.0811309569870007	-0.0673892930669507	0.56350708080667
0.513286722632608	0.575531463056189	0.669936157835329	0.598623331447441	0.552402114432909
0.586899012957964	0.751355460746898	0.473226662669027	0.528697648215271	0.516233037400826
0.518361603786057	0.632372397660305	0.534460422814413	0.569931765227226	0.521870047665536
0.453852399305132	0.458505391821659	0.420327943823096	0.372214541772352	0.549327181227462
0.627525508259193	0.800155986141278	1.21841166703795	1.114776471349	0.558639125389869
0.498019266886168	0.565601427698039	0.734576550659388	0.663350010425225	0.551612252119523
0.460859053145565	0.494309001505955	0.526440974203835	0.478357420430256	0.546113007963114
0.524180647750557	0.586959357675332	0.562156481124996	0.508745634387789	0.556584518150893
0.494688724876963	0.515244930602762	0.439908106425628	0.39951012974662	0.546113007963114
0.440531433073159	0.479311545897289	0.495941441600686	0.440804201829591	0.547912085459279
0.492024519805846	0.591665467930525	0.484324822122615	0.537870158208006	0.516233037400826
0.513747762543587	0.509747321663574	0.229715800804593	0.205448193574463	0.553486364153921
0.55542394835798	0.57758392671427	0.518759174536879	0.469961445670404	0.549420075523522
0.428119687315683	0.398636838896554	0.448167646989307	0.507023135227603	0.51684213486227
0.448764670852848	0.506611564257983	0.474448782679769	0.5095601166345	0.525513265939255
0.522875705587226	0.551762270279889	0.419950060041061	0.38478071586032	0.544696057605311
0.545509608258529	0.567352844343985	0.521099574425599	0.546289338984969	0.527103745092493
0.438712374372839	0.412977639411779	0.235379291328878	0.212337676442878	0.55028376065659
0.485611594492023	0.507438081251603	0.482022669389079	0.434498359618078	0.546382433293802
0.45934126050802	0.434194322363193	0.397893270867388	0.352274889969878	0.554521669979296
0.566551066091107	0.647288203463471	0.743027488050755	0.682023718048746	0.545570886895008
0.567177111811282	0.659855831684904	0.57404572744935	0.591742725509199	0.528087292624469
0.468031755298605	0.499444771846373	0.364114991203823	0.322466224124618	0.562179480938369
0.493415359801908	0.517283580911229	0.49057648436674	0.437128555719414	0.557209887646797
0.512976724106917	0.538716307200561	0.464598548233057	0.420521966260461	0.547946214888507
0.492625800742506	0.511492655277235	0.383700540511679	0.345491397566633	0.554521669979296
0.488488779560306	0.539799774460451	0.451788890977112	0.399574605976728	0.557584822072002
0.473554899951384	0.476914831270961	0.225325552530974	0.200612183447176	0.552402114432909
0.560290922589742	0.627363301275315	0.607675008217563	0.555524067670388	0.548366339208483
0.535779548330139	0.52958480947227	0.199714513705529	0.181247209490991	0.556088466985464
0.568105091826466	0.681448021595475	0.569236498036767	0.59768301605549	0.523412907059057
0.4950108074997	0.525609342167265	0.48305074609353	0.439260689157691	0.543404048253195
0.518230517423081	0.580087541881715	0.505669697622695	0.534034116194047	0.526563148333194
0.498925787235346	0.528631127510041	0.621794500396665	0.555710753256899	0.548257693389133
0.492365368379868	0.531291214068128	0.364554649972272	0.33204789905598	0.54675171320742
0.471434983989554	0.482306688591249	0.413168376288681	0.371274251798374	0.548366339208483
0.481843120214071	0.491240812162368	0.475469191644856	0.432512850974442	0.545570886895008
0.554913332813138	0.604507337327788	0.484990398696367	0.437807628815676	0.554728689447666
0.477737787693362	0.494389552648335	0.532614976176045	0.491943922506457	0.537927349003522
0.483032107902172	0.518499893671686	0.579027348307725	0.523041150724354	0.550524356087047
0.565842128592365	0.623937765545925	0.790416469832302	0.70488248537123	0.552620472826294
0.506345049164605	0.541004316053716	0.558345525497974	0.51246584683425	0.54302532395144
0.579308808207737	0.638728118454489	0.50571437791972	0.529516120733296	0.528087292624469
0.537739561173161	0.561539134094839	0.503426750255582	0.453911122154672	0.547946214888507
0.547323750685289	0.625510229054159	0.498373179481983	0.528444074952527	0.52624947920195
0.540143772305253	0.608508661782292	0.594748244241886	0.540509091410185	0.557584822072002
0.57555118004888	0.693730198926094	0.554656091733414	0.582300514922222	0.52459106273317
0.487602247731689	0.49700532149753	0.517520738901839	0.546258412582913	0.525901272029747
0.461881081911367	0.468515590415929	0.362820130443823	0.326758544066008	0.546113007963114
0.570580664176189	0.678293683919464	0.825254628270892	0.75899480250981	0.554750359061914
0.508263724533018	0.625526504644508	0.655132919100621	0.59679823080819	0.553041708580805
0.397105398889414	0.31555840349848	0.456010165340105	0.496671510889522	0.524414820732427
0.570657065476172	0.709856765798384	0.531871836273866	0.562425606377948	0.524414820732427
0.547743759777174	0.603477465507503	0.528827775531325	0.463892561585252	0.556584518150893
0.605912508084145	0.679780118930311	0.578140577443556	0.607941309168787	0.522158897646525
0.531365863846383	0.561246738057948	0.511303062987705	0.467907997903359	0.543390983003582
0.455592679445193	0.448878010561161	0.386923950863159	0.348090482783857	0.543131381429203
0.505863834554349	0.534197686211114	0.556867570433452	0.512185390175593	0.539233437202116
0.491790560132278	0.572849982598025	0.494090096914584	0.524982658851322	0.526137487751097
0.509487068514674	0.547226256157059	0.427146256607425	0.490062153583405	0.51684213486227
0.529303396127784	0.536573802103223	0.39392488599847	0.355757435612652	0.548048956109309
0.574150019246367	0.749683778053646	0.554632744108035	0.584672466440171	0.523412907059057
0.546244006613617	0.633241992961111	0.609657847520944	0.552432463978587	0.553486364153921
0.445770801781786	0.446310052684089	0.399904934255033	0.352987682698559	0.553486364153921
0.554967968521147	0.577333957210542	0.304964886804297	0.276958939148601	0.550082796778925
0.491207695717558	0.543768140867488	0.634218241462191	0.573195685030845	0.546494141275025
0.449066046532553	0.436316231673989	0.345895677425612	0.311392764248374	0.551263854508987
0.565225351303774	0.73865058351323	0.537341763711197	0.573640568763664	0.521246857208647
0.520113764652334	0.553215119009616	0.507756611182324	0.565416738406382	0.511490953728605
0.532795200529731	0.530609220077793	0.536217231223707	0.590719294788574	0.510458573143709
0.481719517639766	0.486938124249285	0.459493326909795	0.420600854256794	0.539410152944096
0.496382187166705	0.526523107229612	0.229784049405469	0.205154764635346	0.558639125389869
0.517031952022963	0.549645706309493	0.602807646409928	0.552937301742533	0.543404048253195
0.499305563524496	0.532218580507079	0.549201631989935	0.497807123337274	0.547946214888507
0.464210093353847	0.490548030047277	0.456638786219526	0.418908063095246	0.545722692800331
0.453379690029071	0.468310272716995	0.554913752922881	0.498685019582355	0.548440631543976
0.575407306254808	0.706354301102134	0.574204828431009	0.602555843769628	0.523184815941367
0.497421043844384	0.506929953975904	0.62748178107309	0.556616967079094	0.551263854508987
0.521721723969001	0.558153084896579	0.661036388323405	0.602868499602941	0.546098620762141
0.602452454719637	0.762110842543591	0.628992411514892	0.657989984026556	0.519364734392739
0.563671275488187	0.71443671272897	0.593095497066429	0.615697793823155	0.52522940108566
0.461279499415024	0.419377094954478	-0.0671841455035853	-0.0584783035693194	0.558639125389869
0.498724878569787	0.575592261463865	0.47310929291761	0.514228697488895	0.523184815941367
0.394396559282362	0.311884713158672	0.453242481393801	0.500539349721624	0.521870047665536
0.545357119980332	0.581552427857332	0.436729248154302	0.393529569809191	0.55028376065659
0.502312696430061	0.553900694214744	0.682771903031515	0.613057067867049	0.556584518150893
0.523756894498228	0.561945451979088	0.423086516934715	0.38411920033967	0.552402114432909
0.537543906405103	0.586420889504915	0.646800780094566	0.594544692019537	0.54577003074369
0.483096393730026	0.49366646356963	0.449295556674136	0.405696044602065	0.544325068541353
0.563717248454864	0.637508100236364	0.750032584231813	0.693346042390068	0.551911369245014
0.45849719348335	0.479628800786867	0.34500562650125	0.304440892689672	0.560930393060749
0.539785551504461	0.55011819067536	0.688451262085532	0.611316046121794	0.561153995757714
0.529228446787585	0.545786339743684	0.596469017074433	0.537412872122799	0.546595148877602
0.55833058776329	0.659473561446292	0.824736338051206	0.748062469191529	0.557584822072002
0.554913084136415	0.607337131107435	0.548461083966744	0.572302511294643	0.526563148333194
0.520479336925858	0.549516684812876	0.465838387758912	0.497451595117522	0.527103745092493
0.466457505786671	0.501745067312418	0.618020158214619	0.532784314557637	0.553077368336304
0.534784393393997	0.623254038024853	0.44318600222414	0.488430894626383	0.523412907059057
0.543437620966513	0.655437821150661	1.18192643037169	1.04078584296573	0.56350708080667
0.540393793363389	0.591684394581327	0.625765748149171	0.576267844363559	0.542228917757359
0.46577356814597	0.477279717732914	0.480556026474389	0.438327216038789	0.543390983003582
0.548474104392064	0.639479517169966	0.436942667798401	0.481593539061287	0.524039608246999
0.540301441882254	0.59068067539616	0.640972361353924	0.587754298075321	0.547452263349479
0.554684757066451	0.649485360297044	0.535865526541554	0.562296960000761	0.526021483340938
0.507583698434149	0.532396140472799	0.594395938470697	0.524440315392155	0.553895986798891
0.443150107238547	0.465378492211685	0.431376864641638	0.505566655310104	0.510458573143709
0.570604038887434	0.655710558316307	0.561036377156554	0.581784512722815	0.527337496843353
0.588541667703664	0.614355655449207	0.491888908201511	0.449753490448456	0.540741884282919
0.519649060860871	0.525292184732897	0.522894243831909	0.466814828713367	0.549420075523522
0.485432714469358	0.515833689658729	0.667757477464363	0.588512277561149	0.559023229673786
0.436441008893268	0.439012230272783	0.494743049030067	0.440743756272844	0.55563378633737
0.495189120694252	0.526320032228492	0.636950687608376	0.565955875067186	0.550791138744376
0.441194066842545	0.459404189698192	0.388259324779565	0.345386000641571	0.552302606556584
0.536228679105858	0.604503272114256	1.15656112281787	1.00871910582678	0.558639125389869
0.528651437711387	0.542146815474932	0.204895552668728	0.181520616042443	0.558639125389869
0.502802481557089	0.519509788683965	0.527858129650401	0.469962706070076	0.551499576128346
0.497270218815484	0.495967806895758	0.417930268109984	0.372730553154254	0.548293578793632
0.497705355440022	0.517985942277826	0.521329338940045	0.464819543829842	0.553199526881692
0.509065426835858	0.528006817824796	0.572561101725324	0.519561308743029	0.546494141275025
0.485626360937986	0.478087171380989	0.579468979217669	0.530155739061452	0.547645655127624
0.591014956042679	0.661979867234995	0.518049066370531	0.54227331492635	0.527550594131863
0.530035103392398	0.574944311267695	0.533436465186206	0.555049954221895	0.527923653684637
0.461578711724016	0.424718321663218	0.239729493924817	0.211513741191217	0.553275114726364
0.48979107987587	0.514130289529061	0.474358588982833	0.428091029325136	0.551911369245014
0.506544387084311	0.538644079607805	0.577444999378163	0.532722272310227	0.546098620762141
0.508138662757438	0.5057902529269	0.381339114824853	0.343944684887045	0.55810248424622
0.506119147417372	0.587281254644111	0.512828616725155	0.537591094489616	0.527550594131863
0.462272741326563	0.459679897800921	0.455753486849822	0.411384687289118	0.542104204996373
0.438700756913611	0.403722907912592	0.299184728624567	0.268346110966392	0.548635451738003
0.546130822012572	0.589961315336205	0.467029963261419	0.425118422488507	0.545570886895008
0.537525931931354	0.605415552569316	0.661092265338362	0.611259151718414	0.538934100968756
0.479544650167226	0.478501592163621	0.448624296558943	0.504152712037889	0.518448173844153
0.41931042335778	0.428564688061473	0.177002454717161	0.158608260043119	0.545386327916495
0.506063350230582	0.511459678361079	0.209095237722349	0.186747942537161	0.553077368336304
0.496770367643695	0.513369623869715	0.457915476340431	0.412601097482439	0.549420075523522
0.503214963046135	0.559792479301936	0.514086785664197	0.542327550205525	0.52624947920195
0.534801723446313	0.616421229968859	0.598673461281243	0.5414489294573	0.553199526881692
0.514808083993893	0.565541187904878	0.529171616504268	0.48233085502822	0.547589340521879
0.497673283207687	0.506706206905744	0.418331399487357	0.378956089311077	0.546098620762141
0.511338501942243	0.504237320766873	0.41737915455593	0.37414449659033	0.544321497895929
0.563405743227252	0.630076255610394	0.533073818394116	0.569310862692685	0.521566395157487
0.417074305877143	0.328951124001283	0.384877820410595	0.442614991863269	0.522696057786118
0.591464891460894	0.646811330150852	0.636696975101887	0.574762702637419	0.556088466985464
0.478745970723575	0.498921172615923	0.567211250011332	0.507595510945683	0.548293578793632
0.511643904167714	0.561303897070534	0.667531236927679	0.613922334790846	0.54675171320742
0.53712428404597	0.569887306976259	0.565810513692221	0.522385833089699	0.539375977984428
0.46457937414462	0.48272721525797	0.341865087757882	0.303288931512384	0.553199526881692
0.501127903270537	0.510635058840838	0.39017082589729	0.348993864322448	0.548366339208483
0.534918317496753	0.508684326951257	0.352302348192699	0.31723201447937	0.547946214888507
0.541626473151816	0.628285513041065	0.629263529247539	0.581015467546411	0.546494141275025
0.411308483087418	0.401272641243388	0.291101757644334	0.254911208701518	0.559023229673786
0.447482261274714	0.455984243449164	0.28063384015133	0.241326150330064	0.562179480938369
0.475471228023316	0.470722436630755	0.306662609447619	0.273889116401328	0.554728689447666
0.463156265442014	0.507431573223015	0.355419914468397	0.319949889412834	0.551812511895378
0.492445017325122	0.500792848258668	0.407980958025369	0.452447651902367	0.525776647522227
0.49048381805491	0.554168170060053	0.508064876371744	0.552820284869997	0.5189201310748
0.464718091363462	0.500039874133494	0.601363236009959	0.54389573495778	0.553077368336304
0.512698990389728	0.536826666573817	0.534343967670648	0.563138318148538	0.52507910886314
0.455241068363701	0.444396177564502	0.433199113642467	0.48464446057527	0.521566395157487
0.457548617876501	0.419126609255507	0.140502306420569	0.123596083326871	0.554728689447666
0.51293028290566	0.559967301248721	0.885852957287125	0.793894350389961	0.562179480938369
0.475379496844685	0.493240985895225	0.480732651245898	0.424121987086967	0.557795963321143
0.52152247037023	0.552256308688315	0.649496231976592	0.580617625832408	0.545570886895008
0.479590967048992	0.486953008315251	0.578912687056775	0.516764615090055	0.557795963321143
0.499712573068968	0.552208994926305	0.493633716581113	0.521844916302412	0.527103745092493
0.587786844082244	0.662724988722043	0.6329721295842	0.581413792503683	0.549467314022794
0.551234199376692	0.680789029956708	0.525038845449748	0.558567996461703	0.523412907059057
0.515407915681047	0.567069865336251	0.547694298664074	0.575374637719801	0.5249228434797
0.525414492077158	0.536357622222439	0.480205336576524	0.442382037667735	0.542439936937771
0.553639590452823	0.664603058033391	0.716228500197646	0.66414101353351	0.544696057605311
0.504056920106424	0.505285165785171	0.46069089448499	0.417830230948944	0.545019659605606
0.4551087419967	0.453907719379372	0.387016164128331	0.343658829496007	0.546595148877602
0.53336919217765	0.694131572896417	0.584104212142692	0.610607521580582	0.523631015086528
0.476437921585899	0.472337883214117	0.327004649636455	0.293089010729309	0.547946214888507
0.448696221794679	0.46571169446373	0.420659207634627	0.379471240632411	0.549467314022794
0.521735106174562	0.587509836752981	0.53117983562173	0.555339477134053	0.527103745092493
0.600518631550669	0.693993769173455	0.612793040251052	0.558581541938791	0.546494141275025
0.514992018202174	0.508965388943443	0.449940195476605	0.406677043540624	0.547589340521879
0.485551378151013	0.501475627224715	0.489593669852058	0.440716481842329	0.544402692699929
0.606637865903987	0.719132161371618	0.745898364160432	0.684129854092713	0.549467314022794
0.466542711385617	0.443411125720742	0.301621677605654	0.271876725030344	0.546494141275025
0.530780895752332	0.566977597328607	0.458549341229899	0.493767520224739	0.52624947920195
0.473679709410613	0.479125780578475	0.337847914600182	0.296799081043007	0.552402114432909
0.576081099264729	0.647805367842281	0.627165884406402	0.569308725176417	0.546098620762141
0.471497625180506	0.475198649041514	0.404696936236287	0.367763089458125	0.538293290143628
0.539103471253187	0.629909325271358	0.609892568981588	0.554449499127861	0.550645829750355
0.542533290209392	0.595462941452272	0.630605740663171	0.57959811937072	0.543131381429203
0.586885954937613	0.685481581451892	0.565421752879683	0.592671572049072	0.524231147721427
0.568251127353663	0.611595463173707	0.54290224890016	0.489347053438759	0.552402114432909
0.485763537293529	0.512809511213493	0.505677804999658	0.531838914332771	0.527337496843353
0.474733116876036	0.498936896518989	0.397207121969779	0.357631273198811	0.546494141275025
0.503413818534798	0.517108136425663	0.426586956524721	0.372582477238729	0.561153995757714
0.487114808852777	0.484857052860242	0.516008561479468	0.551672584545737	0.52294609888958
0.46832273843957	0.445880458973438	0.527328412991683	0.559667590277945	0.523839732922601
0.498754605612402	0.534050493627334	0.336702184512915	0.30096537780681	0.557209887646797
0.477339642464667	0.479658178457628	0.433560040496385	0.395712922892779	0.539574905631806
0.46527749762956	0.488871844049078	0.616484323403061	0.552907251625789	0.55563378633737
0.54073174246329	0.592406544780086	0.506011591497733	0.530320505101275	0.527923653684637
0.485653784948592	0.503967471221675	0.53806306585561	0.474434473193588	0.55810248424622
0.577188559633686	0.624734395476192	0.572959331177849	0.522214742505956	0.540475558870087
0.474431376859148	0.491380094835392	0.458331206605867	0.405676176891011	0.556088466985464
0.588147530249655	0.6725448463769	0.470004636950127	0.419957834333456	0.556353045275463
0.515404108142539	0.604150624185325	0.500399483948683	0.546320275858075	0.5189201310748
0.527902552086668	0.562947690379529	0.473001310037589	0.422559161741677	0.553199526881692
0.543929639671432	0.646381995448934	0.490324126367959	0.523698010584741	0.525374025113182
0.451617005829051	0.458533864649938	0.269063625339778	0.233013566519419	0.560930393060749
0.528805667940724	0.62972297879703	0.537116391934275	0.562597666765694	0.526357640184358
0.500766859639008	0.520519195953803	0.810236214836232	0.723950029570391	0.55563378633737
0.517808592653172	0.545432045524372	0.504322094832106	0.53629028882654	0.52522940108566
0.497808590122769	0.523788124232575	0.354931049516953	0.324273314230079	0.550082796778925
0.454127268613931	0.431261900056842	0.327085552793919	0.297873257701332	0.545570886895008
0.524887143662255	0.555793859474329	0.582400814611442	0.526769087593293	0.556088466985464
0.498929015782266	0.552376581931404	0.542987433592118	0.490935360067834	0.553853850105552
0.475901668230047	0.465591789567242	0.493225806373104	0.435618270094095	0.559023229673786
0.485720174373697	0.513277875664084	0.503967692369335	0.532527763203041	0.526563148333194
0.480695820156002	0.472974360882192	0.418640061577898	0.371845156398669	0.550182023857801
0.512702771530823	0.546210336623157	0.574863417325258	0.527826856056529	0.539262655960515
0.443271403239759	0.459522219263167	0.353799586743615	0.310245952892197	0.562179480938369
0.462333950018194	0.481887998604639	0.631868507863506	0.56394144886829	0.545019659605606
0.512222547911846	0.542937998281474	0.403087077541441	0.360243408795212	0.553853850105552
0.483637112847921	0.496971935461645	0.555825488605049	0.499009636629543	0.55810248424622
0.509779472281719	0.518759097033196	0.833890642594743	0.732904112908384	0.554750359061914
0.476639333002913	0.458604524181143	0.474563105859851	0.510807226771239	0.52507910886314
0.502366655439747	0.515326845512434	0.380023513452697	0.345567279115178	0.549357036289163
0.504541555636265	0.537263778933795	0.543416463576167	0.565759882146481	0.527337496843353
0.475527076137301	0.500895772959219	0.62014360955118	0.565966211005499	0.555551539830734
0.532385146296333	0.67586429580164	0.542318913061554	0.575716113062886	0.522433933216851
0.489995576672617	0.53193867026069	0.498931747932488	0.454908807560695	0.545969827595227
0.555382515633047	0.616984966440252	0.475421895088221	0.428254940789921	0.553853850105552
0.518115155181719	0.577444408418036	0.0894387675592578	0.0814837478088351	0.56350708080667
0.467105515894107	0.469244984504749	0.314225381162191	0.281100469679224	0.55028376065659
0.541844593306824	0.569894925192515	0.588162479834463	0.532593377103853	0.545086373972636
0.511794444174349	0.53688314225509	0.463361593489075	0.415452832439475	0.556353045275463
0.494146494519275	0.502166452392913	0.486572029578166	0.522836328041906	0.524414820732427
0.541161800434691	0.591084417153115	0.62476548273153	0.56628629002615	0.553199526881692
0.537661128897125	0.623812876116955	0.643719001721022	0.583890073233325	0.55028376065659
0.463550321229194	0.484443156986711	0.52402002227296	0.474117930303175	0.547452263349479
0.531518598953244	0.590048474546387	0.529708574628059	0.573047650295052	0.517946411642854
0.470254823870191	0.489406146465085	0.657307187322432	0.581543530301811	0.553275114726364
0.612787130275991	0.755068387899268	0.633013822853008	0.659315457774626	0.520910244545655
0.537476395115596	0.599265235537789	0.278461383298972	0.246983808740339	0.55563378633737
0.4953571180647	0.531933593388609	0.517420419786527	0.545867584358535	0.526021483340938
0.546075533018192	0.607803998491721	0.535342566253003	0.489193011352325	0.548971614619562
0.558982676373433	0.696038774949266	0.79361843736031	0.71973217507599	0.556088466985464
0.458603057659579	0.471373983288423	0.405226574146984	0.369155929448122	0.545386327916495
0.477865686142657	0.459422749947203	0.512995393026416	0.459420126049501	0.556088466985464
0.441967581585809	0.425189430640612	0.324527005195776	0.282917648463651	0.553895986798891
0.549498554279182	0.583037838914478	0.484298442924464	0.541624222111954	0.514128554714838
0.533000823370305	0.583646808197745	0.615150674579312	0.542237585330186	0.562179480938369
0.456640560901075	0.431861838510931	0.428679876881228	0.387261222832553	0.546595148877602
0.487081600674342	0.510378143770116	0.478206927257476	0.432225102173333	0.546853262084799
0.536006293094587	0.60524191947967	0.666120048699963	0.605165601274143	0.546595148877602
0.47174887178984	0.498625572174843	0.392834617898235	0.341839117701005	0.558639125389869
0.510809918300683	0.544625790856864	0.579076303263014	0.533395367383977	0.542742154512044
0.515102759014093	0.580316914048792	0.495503151685161	0.450329536465529	0.551612252119523
0.46230932359474	0.494031044551084	0.402931738891118	0.360924608505584	0.55049840070813
0.50673145857338	0.559584009118682	0.330509332796282	0.305196967362609	0.544402692699929
0.472495940872187	0.4658796622226	0.584647658184729	0.514803126290706	0.561153995757714
0.516638919159576	0.573026739654242	0.652620581069047	0.597827381441298	0.543131381429203
0.552006518161755	0.663717110066459	0.798038847514853	0.720144449189812	0.558639125389869
0.492704549168026	0.566401141805886	0.431621655709514	0.476637544632741	0.524231147721427
0.481016891539744	0.525702833399512	0.473806343592418	0.506651193845453	0.526357640184358
0.422151447682883	0.451478669097389	0.406565405950468	0.463734606178445	0.521246857208647
0.478242329002042	0.389995054150406	0.505546124481513	0.538494669610373	0.524760278233393
0.573838958696308	0.623053160516319	0.434916845820739	0.391725429694378	0.556088466985464
0.442535875976355	0.435465707713388	0.448459637081088	0.478269927669245	0.528237724820117
0.447566183346928	0.570500466176711	0.497887097431128	0.540995619321847	0.52055524824549
0.50410417106254	0.549572373055003	0.57224310760518	0.522419557902328	0.549420075523522
0.471932751650568	0.499802230237224	0.574433491327913	0.52099311110004	0.547912085459279
0.503627429836801	0.492027734188906	0.351410549103491	0.315047362910856	0.552620472826294
0.510349767574578	0.522553341746491	0.482392604373292	0.436749331397746	0.549501681365382
0.518947610035534	0.592877481705039	0.491808383214044	0.527803786062369	0.524231147721427
0.549504076727934	0.590189999979091	0.691537809448299	0.625765773305992	0.545570886895008
0.436656212399723	0.436207367176051	0.440514300503611	0.385591680676447	0.553853850105552
0.518085180972461	0.568095342533354	0.662802623612199	0.588352411200391	0.55028376065659
0.498572947918169	0.503264556724113	0.575472347406024	0.509739832805703	0.559023229673786
0.462476265202256	0.501731532412763	0.54852169452312	0.50224409600323	0.541111563821482
0.423681617612181	0.454011356969433	0.471523095948825	0.499674005480881	0.527923653684637
0.509063269928422	0.509697784946224	0.539585658692509	0.568505716627102	0.524760278233393
0.566448845109322	0.612852931865319	0.602324720660318	0.557105735115383	0.539123943511656
0.55469626415654	0.680705095223692	0.552803579522221	0.577503556912263	0.526021483340938
0.465177915617662	0.470565997794644	0.359966060547282	0.320317302823672	0.553853850105552
0.51974405781095	0.53420168548229	0.473079383666826	0.50377115467921	0.527103745092493
0.57028770456048	0.674235995669811	0.569586180930576	0.593778395875386	0.525513265939255
0.436961475799551	0.408065672719194	0.473066761161185	0.517849607177935	0.521566395157487
0.46856268346509	0.493743409904514	0.468584096129657	0.412535588604428	0.550645829750355
0.425188306598355	0.41106173367553	0.102059442157874	0.0920592822769738	0.548257693389133
0.525403062322181	0.547017815542966	0.377079632721987	0.338541202087903	0.556584518150893
0.496758398200335	0.582048355270818	0.523362967876576	0.558081175906775	0.52294609888958
0.499793802782297	0.525397110992839	0.469755149379716	0.422011829925165	0.549327181227462
0.607632954713428	0.679845959051142	0.596399532726558	0.542677736195559	0.550524356087047
0.559469172096965	0.602793974054486	0.613610947790984	0.553138042956988	0.551263854508987
0.485596371423596	0.501094448609813	0.47518913490966	0.429717476927181	0.545019659605606
0.529859580071243	0.589907014400302	0.629902165056641	0.581269639707351	0.542439936937771
0.50948661031106	0.56502433300891	0.705812893287404	0.621828204698307	0.55810248424622
0.571906497761833	0.634825246571523	0.60916225857692	0.558416654681878	0.545086373972636
0.459493129859685	0.418118997095146	0.443389340354192	0.399958805466123	0.546487750305797
0.575472525609746	0.615751585291646	0.234163757282778	0.211310630814104	0.556584518150893
0.523479975529118	0.612247350662049	0.506495398083657	0.535039020897987	0.526462142563358
0.530463794362944	0.615523306596872	0.550250456094173	0.573220203271805	0.526846672002587
0.537948868050195	0.646475317153763	0.700575315361667	0.634274852231908	0.551263854508987
0.538983588485913	0.586019023155918	0.614667636278585	0.547637723777936	0.553486364153921
0.47970035886352	0.470573922002052	0.527870100961562	0.566049960367162	0.520910244545655
0.519508142488117	0.49042225638955	0.475553647860928	0.522886937709434	0.520180424409574
0.441386344986574	0.444274937661771	0.180311289007316	0.154219838602131	0.562179480938369
0.570124148008035	0.63883721885881	0.586155413143987	0.535755156778462	0.553853850105552
0.540259585835519	0.587240667288513	0.667024606634544	0.604804607225313	0.550182023857801
0.545870350045962	0.56663932067133	0.494745343794942	0.457621517624141	0.547645655127624
0.554918932451886	0.615491387341721	0.591580700203466	0.528692835110534	0.55810248424622
0.520685541569984	0.507665640442976	0.0914062285261603	0.0827250710210997	0.553077368336304
0.513148087847065	0.55050110089531	0.567396186623551	0.521640779317436	0.544405694957851
0.540251802308441	0.572687809584392	0.606896816707145	0.545754327578439	0.555551539830734
0.514424942491578	0.559996030882229	0.720032396864175	0.647674468513027	0.552402114432909
0.495422014916334	0.533476876941533	0.444834606693065	0.40488482987686	0.549357036289163
0.532224664809762	0.559115424097531	0.570563405529891	0.518176365043684	0.549420075523522
0.463453162396472	0.468814644728834	0.621278612390219	0.545922513915318	0.553486364153921
0.46808426410664	0.497732589395606	0.461744785975392	0.409237533290801	0.553486364153921
0.479827749446995	0.490792198137537	0.457573154599585	0.402789813689749	0.551812511895378
0.515555990666021	0.591327227746612	0.41162902538476	0.373895716516949	0.551612252119523
0.515785487899787	0.539674789248759	0.526367133472703	0.470759201087879	0.548366339208483
0.526766243786981	0.534989926579171	0.490764634138272	0.435500580849372	0.551911369245014
0.472967253837212	0.498074085448634	0.431615875156214	0.377116225413656	0.554521669979296
0.431192804487235	0.462256728303475	0.457376902057043	0.49377859289288	0.525901272029747
0.485276971427407	0.483671302665744	0.67093830885901	0.594475570618046	0.556353045275463
0.581256821672376	0.649544459834498	0.886190787427272	0.791670163698392	0.556353045275463
0.484688438194758	0.55074539601795	0.955715277834423	0.828049697582836	0.560930393060749
0.478741900940905	0.436575302683341	0.52886993874366	0.561926862811038	0.523412907059057
0.499206424585427	0.520606676903896	0.299368609169603	0.267874122647575	0.552302606556584
0.565972687881433	0.644616203969792	0.647001136142925	0.593537066256332	0.545086373972636
0.514848296203392	0.526164977163784	0.442614639133371	0.397168839201218	0.556584518150893
0.484596780905942	0.501631104867451	0.474511342896845	0.429435905356322	0.546899585612746
0.462537529063473	0.503514848046251	0.259408218599629	0.230324801852318	0.562179480938369
0.563580015326624	0.637781208808686	0.726013277156498	0.672815158569787	0.541111563821482
0.568795175318512	0.705573613989963	0.866296431999445	0.773809671443789	0.55810248424622
0.510993054249343	0.542041691260373	0.385403098658919	0.345422355961127	0.549357036289163
0.450288131785764	0.459637504250889	0.509028627598524	0.452039554135215	0.549420075523522
0.491527159917261	0.524851343046455	0.486263979546948	0.51813015850621	0.526137487751097
0.546360615304382	0.580768086584267	0.50697212641029	0.536028159101772	0.52624947920195
0.499671002937642	0.541254176005923	0.613376413441224	0.555856668115899	0.548366339208483
0.562843351502707	0.605491052811729	0.600319222908646	0.553540554837778	0.539197809782398
0.535073456978715	0.592168076609509	0.587494309460314	0.610310702603887	0.525374025113182
0.438486651445574	0.399981511824675	0.302599658196823	0.267554252126515	0.552620472826294
0.501838057856207	0.537324183358587	0.531101007396315	0.573356984249255	0.518448173844153
0.538850576395312	0.634411121006821	0.827023158014243	0.749556721651622	0.550524356087047
0.519176924428549	0.533218689666268	0.47529488151426	0.421253047074075	0.556353045275463
0.501947346577906	0.540598211928633	0.526715118780008	0.556731463152531	0.5249228434797
0.455596690179725	0.452911749136963	0.436034884324266	0.388036667242259	0.547645655127624
0.461875404960577	0.46378323126526	0.349836373160501	0.316299462487704	0.55563378633737
0.476309101227555	0.510791733116063	0.562396862998381	0.506431160656065	0.553199526881692
0.554318230250785	0.662185085793385	0.46179808994472	0.504088252270024	0.523412907059057
0.44811805919454	0.410075138650829	0.45085369003075	0.491386398839432	0.524760278233393
0.479613993101119	0.500228385160191	0.482778743437371	0.526062916447027	0.521566395157487
0.452650808499079	0.477445249671431	0.470556554434624	0.5001120205737	0.527550594131863
0.563912062784084	0.771641140624634	0.490057569641628	0.543808185240813	0.515580848122444
0.6133685138226	0.754965201097768	0.530051888346739	0.56042847708054	0.52459106273317
0.476785290947545	0.507697080095557	0.504222722777962	0.457616386348544	0.546853262084799
0.490458830047921	0.47239706964239	0.530282081346197	0.563166517955004	0.523412907059057
0.460965245705845	0.443857885190136	0.472799483708598	0.52225451268336	0.519364734392739
0.522835523325847	0.592935196685539	0.601511388088246	0.55601660101084	0.540741884282919
0.515592799682771	0.573972064414377	0.838577951356641	0.763243909678456	0.554728689447666
0.533924428077906	0.575649468595808	0.349282055566627	0.31547821115764	0.554521669979296
0.445919240308379	0.426268344018511	0.474765512303819	0.502532235432228	0.527923653684637
0.486205919677173	0.520547588969677	0.444427283713499	0.397693047281216	0.553853850105552
0.491416441468802	0.500859655072539	0.563031488450811	0.503458923173509	0.556353045275463
0.469354954554185	0.465329836902163	0.375973536512377	0.337542914872541	0.548293578793632
0.505202827323836	0.560257138531675	0.603026293407755	0.544487265869098	0.547645655127624
0.497973083481171	0.506230975325709	0.337579182032152	0.297220989959641	0.556088466985464
0.55604453470298	0.584782261575803	0.516541376793633	0.474524771312972	0.54387421333004
0.51246243183426	0.523119320382799	0.392157766515223	0.350253657063133	0.54969508104467
0.464129470719405	0.457375116899627	0.437606332857081	0.392973385723248	0.549357036289163
0.577649117875072	0.638045951315048	0.25092468176116	0.222359284489839	0.558639125389869
0.512534362009892	0.541223758329475	0.899787190071211	0.798078831440412	0.557584822072002
0.455599582277308	0.443638292398018	0.26019396644502	0.226994747244358	0.557584822072002
0.540644327126171	0.607074548931199	0.647023606458335	0.578509734955851	0.56350708080667
0.533026778259086	0.556059020035788	0.568555638437769	0.508312197409755	0.547645655127624
0.518020641245422	0.537301877852543	0.504780407639549	0.470691266659543	0.533818268721339
0.553310964546833	0.595354195358047	0.576011031478782	0.528972919588555	0.541643889052101
0.502175728911615	0.543601318705233	0.538758575220001	0.472796712783466	0.551911369245014
0.486514447322667	0.516472019287384	0.650504684030747	0.574891040240859	0.561153995757714
0.472521624367287	0.500056935267954	0.51268636419027	0.46161538885999	0.548971614619562
0.559424081213347	0.616456108266324	0.502168641136931	0.441302973590834	0.556584518150893
0.401544187552831	0.409204844289357	0.396712872406027	0.442724841089779	0.525901272029747
0.482666249390945	0.500318279918096	0.387789583352713	0.350283892192893	0.55028376065659
0.532655643616524	0.577996934070933	0.636693824727748	0.575317140869097	0.549501681365382
0.58045454662357	0.664344202486016	0.519115877333553	0.459664178409191	0.554750359061914
0.504955852122101	0.514316872767101	0.475513652069122	0.428542844956775	0.555551539830734
0.512355687932953	0.550591761798826	0.492358008047748	0.451954396015223	0.545570886895008
0.513117130155596	0.536283381275776	0.614484092850017	0.564755388288238	0.539410152944096
0.577843012232632	0.6235695984543	0.539305250883275	0.488145290563826	0.546382433293802
0.436340621317738	0.429889117119	0.429738207858078	0.378084173624941	0.557584822072002
0.505876665131246	0.571274010813496	0.536780222208831	0.485294252259042	0.551263854508987
0.523629800891529	0.560532961308158	0.264167213680102	0.245192390683873	0.541128081844073
0.539162852097839	0.570818031527186	0.422567494230519	0.378867687632036	0.561153995757714
0.533763841861207	0.559429452845805	0.270979723373936	0.237399429439722	0.561153995757714
0.508534681414624	0.527061310524775	0.450719008517876	0.403347020697557	0.546853262084799
0.51630194592851	0.55580741253689	0.471980300966167	0.421598109503078	0.556353045275463
0.485370488562964	0.55897149998037	0.488259845286009	0.527712598249442	0.52294609888958
0.48154551019096	0.535765079077425	0.694690118661984	0.623681968153586	0.553275114726364
0.545990138755449	0.605807825765496	0.452418692575083	0.510482270878714	0.51684213486227
0.481716026094326	0.527779736305575	0.493221304686477	0.527753732825487	0.524760278233393
0.523607420724227	0.565428987646514	0.512269654275624	0.449946668511213	0.556353045275463
0.430539242222614	0.461969225164117	0.458527697547879	0.405977429431456	0.559752426533746
0.537124464578253	0.607170156117282	0.732040488295502	0.650827259203858	0.556584518150893
0.464348383301721	0.462964136988979	0.381874518284948	0.338176941027789	0.551812511895378
0.473100906019728	0.481735693800489	0.449809219467525	0.405075320859665	0.553199526881692
0.49066359688565	0.504315674735824	0.647531025270969	0.569185827931519	0.559752426533746
0.525144655335492	0.621025790121655	0.805484967952654	0.730526882668271	0.555551539830734
0.522812510435981	0.56644428384248	0.408179187307787	0.369322522305007	0.546853262084799
0.53806715835177	0.603147431202672	0.27481769480755	0.243226074821427	0.55563378633737
0.565898425994283	0.604610987706035	0.706938109563602	0.638079747248612	0.558639125389869
0.531726245402374	0.557929219906004	0.359095957390062	0.318565110750521	0.553853850105552
0.505622195180836	0.557759641289493	0.56865127232795	0.516002557664979	0.550981221336384
0.545210897534759	0.587362843648232	0.478240042547841	0.431681376540237	0.55028376065659
0.491555158491764	0.515878985521193	0.497042016182844	0.535804619563559	0.522696057786118
0.523323458567258	0.589037973400353	0.553525535185018	0.503231635883797	0.546899585612746
0.46312515875575	0.512995405936006	0.627963326009622	0.568400438101595	0.545019659605606
0.441458778063286	0.451031011042136	0.435261671872796	0.392290258618591	0.549357036289163
0.501450075338113	0.569570976152088	0.562872443296721	0.598591935130139	0.519784176429582
0.483723553770541	0.499663707489758	0.432955190684965	0.394526474735192	0.54213588206925
0.484674315271809	0.516181035307978	1.08270379480661	0.960731417452168	0.556584518150893
0.516400540446348	0.575481711811334	0.697432013121714	0.613645307154692	0.56350708080667
0.493972037736435	0.527039847475124	0.535803943284868	0.56443574662596	0.52507910886314
0.491015363663935	0.508299429861868	0.464380215475668	0.504256787495432	0.524231147721427
0.518528798258305	0.58354565349234	0.677043381612742	0.609424415453532	0.559752426533746
0.488021508336898	0.48790359664843	0.468054699015981	0.430113677295934	0.54026362418045
0.50553974428536	0.505512188828268	0.439982494872715	0.404367764224404	0.544238487704586
0.56086804933364	0.610196766750266	0.606422448543862	0.55804706883277	0.549420075523522
0.540402254730962	0.601132985967427	0.625925764668652	0.574390930564951	0.543018388241462
0.502981566179378	0.523152631964336	0.427329474724494	0.389376801711854	0.546494141275025
0.528811043631583	0.589525418605901	0.615848621759749	0.568207345198117	0.546382433293802
0.47794055257785	0.456552194284139	0.319130742157482	0.28036043627478	0.546899585612746
0.518301387352644	0.548542955088597	0.532795240152868	0.483170433438941	0.544696057605311
0.564806888168985	0.647303722815213	0.658309344695923	0.605789078363445	0.546853262084799
0.443539865665673	0.453772177993843	0.444293540775053	0.402679378180201	0.542228917757359
0.559729434034582	0.648040587928332	0.348439199572935	0.315988287148477	0.56350708080667
0.428665007725174	0.394491850519576	0.441861717635511	0.474438813589899	0.527745323015366
0.54248849898536	0.604885954920191	0.358541957981624	0.32948871647305	0.549467314022794
0.439024618294479	0.395553583767406	0.480456496540993	0.527005487698155	0.520180424409574
0.601504890664376	0.644976651324123	0.606111822470182	0.554829865297433	0.544453650613355
0.525541668572514	0.635972731719877	0.54268683245188	0.571263862858993	0.524760278233393
0.455769510437508	0.469426295458161	0.48741842112092	0.438930524874107	0.547589340521879
0.493179975305974	0.541398392771743	0.436865606354223	0.394806792165328	0.54969508104467
0.449208869903472	0.42837394367257	0.571342714093532	0.507933664479197	0.55810248424622
0.574678500030022	0.618076034891267	0.511954034828634	0.450895388250814	0.557795963321143
0.549129971740514	0.618286742785528	0.67669663235692	0.617466855836983	0.551263854508987
0.50732384985582	0.55320386408068	0.587798336630659	0.541697116782391	0.541690785555911
0.516466968726235	0.57257551614078	0.544156580658748	0.488722220612426	0.552302606556584
0.513148842859981	0.622564309224788	0.508562282841227	0.559250309546292	0.515580848122444
0.401172299942399	0.32942143278111	0.439827398292233	0.490106051328286	0.521566395157487
0.551493315711396	0.622074712625332	0.641923683863776	0.560672869629953	0.562179480938369
0.469798687439648	0.4797870047004	0.338403609857798	0.304555389351984	0.546853262084799
0.575914228208296	0.601090668613807	0.522493106286984	0.465457594655829	0.550645829750355
0.571325431490276	0.645618363930239	0.727327965254081	0.662133958845953	0.547645655127624
0.563915138377473	0.607084064426765	0.561492882481014	0.518299243495272	0.538868216061042
0.514075955171164	0.566638546411259	0.526750279471106	0.555069370404115	0.525647390180549
0.513164691354495	0.555787560582558	0.740222562543311	0.677527943556743	0.55049840070813
0.517381286325232	0.564312702187132	0.420177206810571	0.383284178378574	0.544238487704586
0.479106890520089	0.528188803484272	0.593488049171478	0.535057240530069	0.550645829750355
0.479393608803053	0.508639078241305	0.475457578248997	0.427978910433241	0.554750359061914
0.543719512292395	0.650750073584593	0.949966457169739	0.865374840173755	0.553077368336304
0.533406067441137	0.575731948883957	0.492588153705189	0.452247827784098	0.548257693389133
0.622043745621783	0.778383985289263	0.587012722277021	0.619216568142093	0.520180424409574
0.517116509671197	0.543039986500521	0.605648949719127	0.540324218746949	0.549501681365382
0.587001343296604	0.840545246504945	0.561990479714009	0.60696590127896	0.514128554714838
0.548989998915904	0.581452848448246	0.458862174937479	0.420341981824353	0.546676141418326
0.546837906713655	0.594976314296075	0.645142971751226	0.59068430496984	0.545570886895008
0.540211886612789	0.588736903124349	1.05043773766832	0.960154637077816	0.554728689447666
0.565364103928084	0.634789395103517	0.899031472687905	0.803329887727466	0.554750359061914
0.496982217958981	0.531413077305732	0.222882261462659	0.204040367953254	0.545386327916495
0.532044251802251	0.643564813682087	0.827000776695583	0.752209702499552	0.55028376065659
0.477035567103317	0.49742473916603	0.178958224507853	0.162391403915994	0.548971614619562
0.521152698650793	0.570023978266989	0.535316772206094	0.573869108173608	0.520180424409574
0.503162355403224	0.542840096997688	0.595148854530559	0.542366179221428	0.546853262084799
0.576615458790396	0.775746124338853	0.505679696823736	0.560694338027091	0.513317412035194
0.524997044299207	0.62808499093147	0.536422528198383	0.562514874121253	0.526137487751097
0.526388245976736	0.565416321250047	0.512907213039214	0.468086695026469	0.542328972232231
0.485607848414801	0.472177165244299	0.42494873041325	0.37993329978586	0.547946214888507
0.557847191878067	0.616102878369215	0.653159739770287	0.61009678271486	0.537390961698447
0.54302889609977	0.599725478398992	0.696095319568104	0.63519917239897	0.545570886895008
0.503099963860664	0.550778440593505	0.498252816901391	0.536846215719948	0.522696057786118
0.516060971918773	0.548845783505319	0.551326624262938	0.512800213293426	0.537377504003292
0.496413294318545	0.507849311148077	0.558060141890389	0.48746973388404	0.557584822072002
0.466634129835037	0.449860924742375	0.373065137501258	0.331880914398956	0.546595148877602
0.461920683504379	0.611994456856966	0.426313480549139	0.499726147707928	0.511490953728605
0.535575394520888	0.584031416926157	0.555031878954695	0.585026961096204	0.523412907059057
0.497281820701229	0.537972426489756	0.559918819511063	0.506771359964742	0.552302606556584
0.586715083930867	0.684330684373126	0.55882746696432	0.580363055616826	0.527103745092493
0.527877237971846	0.568519158485911	0.548627996398301	0.499917785293117	0.548293578793632
0.691282341259637	0.958856483376218	0.963500617021081	0.915488715545378	0.546853262084799
0.498609978436773	0.525460493993644	0.44865021273855	0.404548301207548	0.552302606556584
0.571483126402095	0.712102009254454	0.732028658674008	0.663171852753091	0.554750359061914
0.579059469957274	0.649175058867573	0.536046246314684	0.570212352111196	0.522433933216851
0.551056703958054	0.65187631917093	0.739264351518834	0.679436948399522	0.547645655127624
0.546340818778047	0.570508442526512	0.234343858277224	0.207766810561158	0.55563378633737
0.508481476821464	0.547042707084415	0.515099925986969	0.452206917140313	0.557209887646797
0.511600966847592	0.551570909631452	0.410549808502463	0.376556377106063	0.546494141275025
0.528376551157715	0.627709781902545	0.418891270166668	0.374652214781877	0.560930393060749
0.489750786636765	0.494529836048558	0.407092490624364	0.368335854598914	0.551911369245014
0.619751473253096	0.725792749323563	0.543269901805136	0.487379724572323	0.557209887646797
0.478595669990713	0.488095645263189	0.516764746666662	0.468689681711129	0.546098620762141
0.490778172421045	0.587283500070369	0.495333051118579	0.533786113333141	0.52294609888958
0.502028434078271	0.539501480861313	0.479633233048188	0.511425350010995	0.526462142563358
0.537001489495145	0.592533270778124	0.696075814481416	0.639911406527394	0.549357036289163
0.467434085562208	0.491625539280516	0.410009763725017	0.364013639857974	0.549467314022794
0.526746619296262	0.584175412099495	0.456034802905976	0.408591273020197	0.555551539830734
0.579713103127698	0.725076685609463	0.509234792988112	0.545791148917669	0.52294609888958
0.565801398580815	0.608006052218909	0.578226250085367	0.51169252121738	0.561153995757714
0.533234684250065	0.580143879180876	0.416680889603515	0.375554095354283	0.551812511895378
0.522286997470141	0.569114860712045	0.214772696714419	0.194865805456243	0.55049840070813
0.468415559931834	0.481274379677275	0.515596373658371	0.469615272994136	0.544696057605311
0.471484689599449	0.489643350121257	0.449547558072406	0.408108550141206	0.546595148877602
0.512775967866156	0.565855285877881	0.51715425232038	0.469189988069171	0.543404048253195
0.514995559814338	0.547459324835096	0.481829176719661	0.440016545125237	0.55810248424622
0.540719829094231	0.588937846123194	0.471031185065125	0.426744296384169	0.550791138744376
0.440194463059357	0.397415904844141	0.466028606461974	0.497617281347947	0.527103745092493
0.435234118155915	0.441752071771681	0.290618950994607	0.254014689991039	0.553895986798891
0.544814412631223	0.606967360209099	0.495402170850763	0.522044315301522	0.527550594131863
0.508125368019762	0.570128812657877	0.552224579436833	0.50343020213364	0.550182023857801
0.583837174378616	0.687507517139145	0.816589585414084	0.731167863396147	0.560930393060749
0.544974946284452	0.665415770267156	0.520758455608357	0.548538672426022	0.526137487751097
0.488320884515287	0.474507144309592	0.109967694827692	0.0984149458245193	0.559752426533746
0.492426962332829	0.543474720332815	0.661827335449268	0.596421898399189	0.548048956109309
0.526651543016574	0.580971004219557	0.537689832867746	0.487546415362146	0.547645655127624
0.494791890639255	0.505284289974985	0.472253036960755	0.42779707854996	0.547645655127624
0.505064251105927	0.518259742094496	0.311391953976949	0.283193004900566	0.551499576128346
0.520731006663005	0.608235198237621	0.633050579319132	0.56326944348378	0.559023229673786
0.558420223276331	0.616707980970927	0.739888173445931	0.666935981869199	0.552302606556584
0.487746517867697	0.497448075684521	0.410054491450491	0.362385921016219	0.561153995757714
0.496929645489626	0.507325692275556	0.475882865229727	0.426158693156199	0.546676141418326
0.556399853625538	0.588758653790992	0.31109632842075	0.277543732765897	0.554027427363303
0.542772104419763	0.608492871544323	0.540942891384434	0.573991498762555	0.522696057786118
0.505506043726197	0.512495854392174	0.548802820242657	0.467796669303485	0.56350708080667
0.610019242559067	0.745839850855713	0.56277516172366	0.587627718582499	0.525513265939255
0.546876523127612	0.626550656782737	0.679775536620604	0.624409031439737	0.546098620762141
0.470974114406084	0.470386857226234	0.467433291312239	0.41106988579021	0.55810248424622
0.508685977234097	0.536570592870807	0.330661002040592	0.288042809798972	0.56350708080667
0.446544514614492	0.464532459486371	0.127529464673177	0.113332327859721	0.562179480938369
0.507249247763456	0.56408839592878	0.580329960822856	0.517188457701314	0.556584518150893
0.548800775427783	0.587295466941878	0.533608317453559	0.477541756768344	0.550103553454263
0.606974870407124	0.765747303120713	0.572327528419669	0.600447218922487	0.523412907059057
0.539479725421629	0.59105829791342	0.578389789147155	0.525037568486688	0.554728689447666
0.540850142286839	0.584029910956459	0.627751619768718	0.565392646916931	0.553853850105552
0.485617514653787	0.481323257253184	0.455247409954385	0.398129840816005	0.559023229673786
0.542668629554788	0.585245441069392	0.549983901107949	0.50346356458674	0.544238487704586
0.533760084504933	0.577776653703009	0.53481814374362	0.556829259831009	0.527745323015366
0.629053334730171	0.770939911696468	0.594117369655359	0.616066918740974	0.525513265939255
0.483138340537651	0.443294452458327	0.352454387638761	0.317542973616929	0.551911369245014
0.581461741525336	0.657951729704138	0.637610051456815	0.581212939935876	0.550791138744376
0.493704461506114	0.517009610975708	0.481086725543394	0.521577792281313	0.52294609888958
0.432948396612175	0.447844187645984	0.302338739997618	0.266014881184242	0.55563378633737
0.486803166181306	0.486664867362214	0.499054309787841	0.447990379623991	0.547645655127624
0.55112451698735	0.613910136682337	0.573855662632323	0.509422012125028	0.553077368336304
0.489521225236717	0.531611126948654	0.555508542285487	0.507790238125364	0.541923780951238
0.386044456687516	0.280600245289911	0.44189629551357	0.49494743796894	0.520180424409574
0.569244710673505	0.699208844638929	0.482730877658405	0.51536621107308	0.526021483340938
0.512627434609243	0.592672884871436	0.657452107930457	0.584070921788665	0.553895986798891
0.482648444169536	0.509785064738301	0.479945162415248	0.435484852030156	0.546113007963114
0.49421695419273	0.540533906503691	0.521692950691007	0.463367282591998	0.557209887646797
0.507442289947429	0.563812969442685	0.651535830959205	0.581962319738558	0.559752426533746
0.508738893001231	0.537008776418984	0.25461895608721	0.228712413510001	0.556584518150893
0.496670118190765	0.507665254021601	0.185191920967642	0.166248124793244	0.553853850105552
0.533723335156076	0.583473291384537	0.518004048728402	0.470237190641144	0.553895986798891
0.49911099984532	0.4997479799153	0.502772103634873	0.548329233827236	0.5189201310748
0.494746762823213	0.51526371747397	0.431061219040534	0.395180240650586	0.546494141275025
0.540614087335568	0.604967334975281	0.682079496076219	0.622058741840574	0.548366339208483
0.443990638365969	0.427092024790193	0.308087337251457	0.276493635606811	0.543404048253195
0.511918795333514	0.57597258964443	0.50431780154419	0.528803228729753	0.527923653684637
0.521736873792582	0.610551538514899	0.448686296683481	0.493603900332686	0.523184815941367
0.44901297100014	0.423682357491339	0.710804775395146	0.627574373722785	0.555551539830734
0.511953183146358	0.557177989819627	0.534163351532943	0.473170624542962	0.551911369245014
0.534792013511555	0.641276778727272	0.880254322379183	0.800018888614724	0.555551539830734
0.52854158993915	0.536390758292795	0.509344224631479	0.548761867528322	0.521566395157487
0.524129333442456	0.597434845598587	0.41809786093078	0.473062642691177	0.521246857208647
0.584646838121658	0.641326722075403	0.700265262747676	0.630940060226276	0.552402114432909
0.484593561869668	0.531201633773169	0.689582822438273	0.6253240317897	0.549327181227462
0.459918377915721	0.462845854154674	0.49670366297367	0.53551367258936	0.522696057786118
0.442070906400774	0.455247791358746	0.540453648173894	0.482433905471913	0.550791138744376
0.545744347051176	0.663702964340841	0.617469987524127	0.635430044614177	0.526563148333194
0.536597955893969	0.581476099149589	0.531646193230367	0.554520140634462	0.527550594131863
0.465839782468501	0.461897916596618	0.431864751848997	0.38950918412898	0.545019659605606
0.504781449419923	0.56731946511492	0.531477123848835	0.568535946462126	0.521246857208647
0.535273549411133	0.618022199898516	0.841843190494632	0.762631923045046	0.551911369245014
0.48424381541926	0.56170098481872	0.538436190483867	0.570806454760391	0.523184815941367
0.567290643628316	0.768402658050196	0.580836286805299	0.605496176290704	0.524760278233393
0.530273171477008	0.627348583447792	0.576483260678244	0.593578275670022	0.528237724820117
0.519569090018645	0.567321628041264	0.646655131756068	0.584072096998717	0.553275114726364
0.398622368186038	0.346917727464699	0.41777972265759	0.466218251225662	0.523839732922601
0.447991505244277	0.437700540039876	-0.0126694804681924	-0.0102472158963935	0.548366339208483
0.547325776677968	0.682868683043526	0.494079254749156	0.538511161624316	0.520180424409574
0.445864791243057	0.452014126240834	0.508644195764149	0.457688446144963	0.544696057605311
0.469711703760848	0.471040194075004	0.29211036512965	0.256461467596023	0.554521669979296
0.489223219468645	0.510110815281272	0.765119496964954	0.684151022984902	0.548366339208483
0.472461419833611	0.462024730174592	0.327340490461407	0.291283452001679	0.553853850105552
0.529728445582928	0.574602361913866	0.406407661814344	0.362581835856903	0.556584518150893
0.569700026738695	0.667662062275268	0.522284959485227	0.551429366483583	0.525513265939255
0.55983405798477	0.607487726541618	0.319030415653788	0.293282439828153	0.545386327916495
0.500283848134476	0.529906004433108	0.544928793382723	0.567747656198344	0.527103745092493
0.515141734006044	0.530569783925465	0.46071503844917	0.416812740141192	0.549420075523522
0.483926625011952	0.522225966056563	0.649257939857158	0.586036298241087	0.550524356087047
0.450820600839791	0.476966651569533	0.465635417716301	0.410770187461277	0.553895986798891
0.541473428651626	0.57920310626723	0.347743616279263	0.31240949759391	0.55049840070813
0.517812165479374	0.586520519539646	0.473613978832786	0.427093666765786	0.550791138744376
0.480784862266779	0.502124282872761	0.492929640058386	0.459189402424714	0.532968314668985
0.454271334210769	0.463704120557798	0.441400176163654	0.399976632992462	0.543404048253195
0.523530472887825	0.541105229889006	0.610288696186523	0.55763179014395	0.539375977984428
0.499256143350475	0.531855201012448	0.656868222669243	0.586546174230467	0.546494141275025
0.442019559191678	0.43981272887694	0.498654856239126	0.532480453939388	0.524760278233393
0.551615233509537	0.618977727044823	0.560221221136107	0.602152235387868	0.516233037400826
0.535713179863127	0.603917315134498	0.651219743072613	0.58317295089799	0.553199526881692
0.516702621096481	0.547518550029927	0.498826752414099	0.457068553844728	0.543018388241462
0.5521767148275	0.59355554325296	0.451613652833327	0.403178283341731	0.550645829750355
0.483073910949873	0.458617500585125	0.289594567747257	0.254127482325603	0.556353045275463
0.510109364492424	0.580649649114051	0.262665077296927	0.236980263165721	0.553041708580805
0.479526120147771	0.509548164654231	0.183445496155661	0.165426108846195	0.556584518150893
0.534699229971516	0.57306871683147	0.505486239706415	0.453647236443471	0.551263854508987
0.534874308349493	0.609758135991701	0.596233201296003	0.617218644056954	0.525901272029747
0.451827018008546	0.404186178391992	0.495524808778603	0.52859783932538	0.52522940108566
0.450814814530663	0.409941606673097	0.0269299426852003	0.0252740136864966	0.56350708080667
0.500155819892123	0.458164411877929	0.135700681170559	0.122013496619471	0.554521669979296
0.542321352194128	0.575570976820963	0.71485901063588	0.654717334766617	0.540941605835757
0.532125334506989	0.562245255651004	0.545315204198263	0.498780390089817	0.544298868414092
0.537513237313192	0.624196906544097	0.802832463960982	0.724040525251843	0.551812511895378
0.46678945327822	0.489537142425297	0.579323324146774	0.522132129950481	0.550103553454263
0.514242503418862	0.579541812487083	0.460782865878718	0.495057377070107	0.526462142563358
0.527718178217667	0.545100667706926	0.598241196484108	0.542689812076214	0.544890062510223
0.539694826970643	0.567973630414028	0.391664462553122	0.355803487340894	0.547589340521879
0.468550379072605	0.469011903125183	0.425087375573735	0.377382907517642	0.557209887646797
0.479206177766186	0.499453123990741	0.433361298605242	0.385079339628686	0.554750359061914
0.538841194818807	0.596240854846405	0.559026012708218	0.596702402970559	0.5189201310748
0.525673327748417	0.597238276992421	0.535086392862603	0.484462988948303	0.550791138744376
0.504653911191998	0.572285915002036	0.541054457055542	0.583701113143621	0.517412096010608
0.485845156887538	0.519885525630047	0.480645893041501	0.426492532815204	0.554750359061914
0.444057434132223	0.435377720855657	0.227743798860194	0.19831950900911	0.556584518150893
0.532982373946584	0.618335250004395	0.651574911214377	0.581552579468328	0.557584822072002
0.572202846234302	0.694935633245566	0.450284021858962	0.511193227522138	0.515580848122444
0.520100300330699	0.544746887864355	0.456279164545147	0.415982683636107	0.543131381429203
0.56273362140043	0.628140918723966	0.639481781203309	0.581250165298817	0.553199526881692
0.54451051894588	0.614957056477238	0.87051714605031	0.766271474798139	0.56350708080667
0.626254792886079	1.00582567391586	0.586407273070794	0.626931507953001	0.514881067314304
0.507918337616983	0.535967151593848	0.514817759646782	0.461668456281426	0.552302606556584
0.518629571302115	0.522046354067426	0.509326149780421	0.542607868574178	0.524414820732427
0.606726167060651	0.722746931480004	0.847696120124922	0.758227741984013	0.562179480938369
0.56298131319868	0.626516304107435	0.547476396608358	0.503479253760667	0.54675171320742
0.538466194037572	0.628932549368799	0.706699946933676	0.649246839273489	0.548293578793632
0.520171150412894	0.574304682147384	0.560699920147662	0.588830112106344	0.524039608246999
0.540082304314921	0.581310619002917	0.540310823509972	0.500320657006666	0.539512067177632
0.539925380292267	0.580773932355397	0.504448507915763	0.459860519992495	0.545722692800331
0.587211436360465	0.657023419846672	0.646594419144187	0.591020443788741	0.550645829750355
