0.3626373626373627,0.005494505494505475,0.10989010989010994,-0.08241758241758246,0.07692307692307687,0.18681318681318682,0.016483516483516425,0.21428571428571436,0.4285714285714286
0.5248618784530388,-0.0055248618784530246,0.06629834254143646,-0.13812154696132595,0.05524861878453047,0.2541436464088398,0.01657458563535913,0.37569060773480656,0.5027624309392266
0.33105802047781574,0.09556313993174065,0.027303754266211566,-0.03412969283276457,0.14334470989761083,0.07167235494880542,0.04778156996587035,0.453924914675768,0.43003412969283283
0.3351206434316354,0.14745308310991956,-0.008042895442359255,-0.013404825737265424,0.15281501340482573,0.08310991957104563,0.1903485254691688,0.43699731903485256,0.41554959785522794
0.4522821576763486,-0.03319502074688785,0.08713692946058099,0.049792531120331995,0.09958506224066399,0.08298755186722001,0.09958506224066394,0.3443983402489627,0.4481327800829875
0.38692579505300356,0.08127208480565379,0.053003533568904526,-0.08480565371024729,0.1254416961130742,0.05830388692579502,0.005300353356890497,0.33038869257950537,0.46819787985865724
0.38842975206611574,0.037190082644628086,-0.012396694214876047,-0.0041322314049587194,0.061983471074380125,0.061983471074380125,0.2768595041322314,0.4545454545454546,0.6115702479338843
0.4442793462109955,0.03714710252600306,0.054977711738484425,0.019316493313521477,0.1679049034175335,0.07875185735512641,0.05794947994056465,0.39970282317979194,0.5898959881129273
0.3462603878116344,0.03047091412742381,-0.047091412742382266,0.036011080332409906,0.047091412742382266,-0.08033240997229912,0.368421052631579,0.5734072022160666,0.5900277008310248
0.31034482758620685,0.16091954022988508,0.08045977011494254,0.02298850574712641,0.24137931034482762,0.11494252873563221,0.3448275862068966,0.4597701149425287,0.6206896551724137
0.32029339853300737,-0.017114914425427896,0.09046454767726164,0.0024449877750611915,0.12469437652811738,0.09535452322738386,0.17359413202933993,0.32029339853300737,0.5256723716381417
0.5,0.018987341772151944,0.0949367088607595,-0.006329113924050667,0.08227848101265822,0.13924050632911383,0.0,0.4050632911392405,0.5
0.29714285714285715,0.01142857142857151,0.017142857142857126,-0.08571428571428569,0.11428571428571432,0.040000000000000036,0.20571428571428574,0.4171428571428572,0.5428571428571429
0.29032258064516137,0.08602150537634407,0.05376344086021506,-0.06451612903225801,0.16129032258064513,0.010752688172043001,0.15053763440860218,0.5591397849462365,0.3978494623655915
0.4588235294117648,0.05882352941176472,0.041176470588235314,-0.08235294117647052,0.05294117647058827,0.07647058823529407,0.035294117647058865,0.1352941176470588,0.5529411764705883
0.38297872340425526,0.17021276595744683,0.19148936170212766,0.14893617021276584,0.17021276595744683,0.1063829787234043,0.0851063829787233,0.4042553191489362,0.6170212765957448
0.4213483146067416,-0.02247191011235955,0.0,-0.09550561797752805,0.11235955056179775,0.03370786516853935,0.101123595505618,0.30337078651685395,0.4269662921348315
0.42093541202672613,-0.04231625835189301,0.0868596881959911,-0.07349665924276172,0.069042316258352,0.23830734966592426,0.024498886414253906,0.31848552338530073,0.4209354120267261
0.42767295597484273,0.0062893081761006275,0.06289308176100628,-0.08805031446540879,0.1823899371069183,0.09433962264150941,0.0062893081761006275,0.42138364779874216,0.5534591194968552
0.6288659793814433,0.05154639175257736,0.13402061855670105,-0.11340206185567009,0.2783505154639175,0.34020618556701043,0.09278350515463923,0.44329896907216493,0.5051546391752577
0.4055555555555555,0.005555555555555536,-0.011111111111111072,-0.07222222222222219,0.12222222222222223,0.14444444444444438,0.12222222222222223,0.2944444444444445,0.48888888888888893
0.514018691588785,-0.1090342679127726,0.10903426791277254,-0.16510903426791274,0.15887850467289721,0.470404984423676,-0.04049844236760125,0.15887850467289721,0.46417445482866043
0.6103896103896105,0.012987012987013047,0.2207792207792208,0.012987012987012936,0.1428571428571428,0.2987012987012987,0.1428571428571428,0.5064935064935066,0.6103896103896103
0.3771929824561404,-0.07894736842105265,0.04385964912280693,-0.11403508771929827,0.04385964912280693,0.24561403508771923,0.052631578947368474,0.2807017543859649,0.46491228070175433
0.6428571428571428,0.02380952380952378,0.2857142857142857,0.11904761904761907,0.11904761904761907,0.3571428571428572,0.19047619047619047,0.3333333333333334,0.5
0.47796610169491527,0.003389830508474523,-0.03050847457627115,0.010169491525423735,0.023728813559322104,0.15254237288135591,-0.09152542372881362,0.423728813559322,0.3559322033898305
0.3072625698324023,0.13407821229050282,0.022346368715083775,0.0,0.11731843575418999,0.07821229050279332,0.16759776536312848,0.4357541899441341,0.44134078212290495
0.4434250764525993,-0.03975535168195726,0.033639143730886945,-0.143730886850153,0.1620795107033639,0.08868501529051986,0.10703363914373087,0.3211009174311927,0.5290519877675841
0.442211055276382,0.035175879396984966,0.19095477386934667,-0.16582914572864316,0.12060301507537696,0.37185929648241195,-0.04020100502512558,0.3216080402010051,0.4974874371859297
0.42307692307692313,0.08241758241758235,0.07692307692307687,-0.17582417582417587,0.0219780219780219,0.24725274725274726,0.06043956043956045,0.2912087912087911,0.3571428571428572
0.4129158512720156,-0.0019569471624266144,0.08806262230919765,-0.08023483365949119,0.045009784735812186,0.15851272015655576,-0.009784735812133072,0.12328767123287676,0.49119373776908015
0.5075757575757576,0.12878787878787884,-0.007575757575757569,-0.06060606060606055,-0.007575757575757569,0.21212121212121215,-0.007575757575757569,0.3636363636363637,0.32575757575757575
0.39828080229226365,0.060171919770773685,0.08882521489971351,-0.014326647564469885,0.10028653295128942,0.13467048710601714,0.1289398280802292,0.37535816618911166,0.5300859598853869
0.49677419354838703,0.07096774193548394,0.07096774193548389,0.2,0.12258064516129036,0.10967741935483877,0.18709677419354837,0.45806451612903226,0.2387096774193549
0.4718826405867971,-0.0660146699266504,0.09046454767726164,-0.0660146699266504,0.07579462102689488,0.10513447432762835,-0.007334963325183352,0.2322738386308068,0.4669926650366749
0.4569190600522193,0.03916449086161883,-0.007832898172323743,-0.03394255874673635,0.1488250652741514,0.08093994778067892,0.1122715404699739,0.44125326370757184,0.524804177545692
0.3861386138613861,0.07920792079207922,-0.03960396039603964,-0.03960396039603964,0.0594059405940594,0.0,0.2178217821782178,0.4653465346534653,0.7029702970297029
0.27528089887640445,0.050561797752809,-0.05617977528089885,-0.022471910112359605,0.0674157303370786,0.044943820224719155,0.27528089887640445,0.4775280898876404,0.550561797752809
0.6000000000000001,-0.11333333333333329,0.19999999999999996,-0.17333333333333334,0.013333333333333364,0.19333333333333336,-0.15999999999999998,0.2466666666666666,0.5
0.35465116279069764,0.005813953488372103,0.023255813953488413,-0.04651162790697683,0.08720930232558138,0.14534883720930225,0.005813953488372103,0.2906976744186047,0.40116279069767435
0.3273542600896861,-0.049327354260089606,0.040358744394618784,-0.058295964125560484,0.08520179372197312,0.19282511210762326,0.2017937219730941,0.36322869955156944,0.5426008968609866
0.4704370179948586,-0.03856041131105403,0.1876606683804627,-0.03856041131105403,0.10025706940874035,0.15167095115681223,-0.04370179948586117,0.25449871465295626,0.47043701799485854
0.39726027397260266,-0.0776255707762557,0.0776255707762557,-0.05022831050228316,0.17808219178082185,0.0593607305936073,0.0228310502283105,0.30593607305936077,0.5251141552511416
0.45390070921985815,-0.03546099290780136,0.13475177304964536,0.028368794326241176,0.014184397163120588,0.021276595744680826,0.06382978723404253,0.25531914893617014,0.5177304964539007
0.33506493506493507,-0.018181818181818132,0.018181818181818132,-0.10129870129870128,0.10129870129870128,-0.0701298701298701,0.09610389610389608,0.36103896103896105,0.48571428571428577
0.4970059880239521,-0.061876247504990045,0.02594810379241519,-0.1097804391217565,0.06586826347305386,0.1936127744510978,-0.06986027944111772,0.2415169660678642,0.46506986027944114
0.46172839506172836,0.0024691358024691024,0.10123456790123453,-0.08641975308641969,0.08148148148148149,0.3234567901234567,-0.032098765432098775,0.27901234567901234,0.5012345679012347
0.45238095238095233,-0.011904761904761862,-0.08333333333333326,-0.0714285714285714,0.04761904761904767,0.1071428571428572,0.0714285714285714,0.2738095238095238,0.4047619047619047
0.4218289085545722,0.008849557522123908,0.04424778761061954,-0.11504424778761058,0.05014749262536877,0.09144542772861364,0.06194690265486724,0.38053097345132736,0.4572271386430678
0.3419689119170984,0.02849740932642486,0.002590673575129543,-0.007772020725388629,0.14248704663212436,0.0958549222797927,0.1632124352331606,0.3886010362694301,0.5233160621761659
0.37051792828685265,0.0,-0.13147410358565742,0.003984063745019917,0.14342629482071706,-0.043824701195219085,0.1792828685258963,0.37051792828685265,0.4820717131474104
0.4838709677419355,0.05913978494623651,-0.016129032258064502,0.0,-0.005376344086021501,0.07526881720430101,0.11827956989247312,0.4408602150537635,0.489247311827957
0.35607675906183367,-0.010660980810234533,-0.010660980810234477,-0.010660980810234477,0.13432835820895522,0.05756929637526653,0.23240938166311298,0.3176972281449893,0.44562899786780386
0.4458598726114649,0.019108280254777066,0.006369426751592355,-0.0573248407643312,-0.031847133757961776,0.10828025477707004,0.05095541401273884,0.3375796178343949,0.4522292993630574
0.4160206718346253,0.03359173126614978,0.049095607235142114,-0.06459948320413433,0.16279069767441862,0.18863049095607237,-0.01808785529715773,0.34366925064599485,0.5193798449612403
0.4621513944223108,0.047808764940239,0.10358565737051789,-0.0239043824701195,0.16733067729083656,0.13545816733067723,0.1633466135458167,0.34661354581673315,0.5537848605577689
0.4624277456647399,0.005780346820809301,0.16763005780346818,-0.09248554913294793,0.10404624277456653,0.300578034682081,0.028901734104046284,0.3815028901734104,0.4161849710982659
0.4620689655172414,0.06206896551724145,-0.006896551724137945,0.020689655172413834,0.13103448275862073,0.21379310344827585,-0.21379310344827585,0.40689655172413797,0.4482758620689655
0.35660847880299246,0.012468827930174564,-0.017456359102244412,-0.027431421446383997,0.10723192019950123,0.0922693266832918,0.29675810473815467,0.4862842892768079,0.5710723192019951
0.3553113553113553,0.09157509157509158,-0.047619047619047616,-0.07692307692307693,0.1428571428571428,0.16483516483516486,0.1135531135531136,0.33333333333333337,0.4358974358974359
0.4242424242424243,0.042424242424242475,0.004040404040404066,-0.05252525252525242,0.09898989898989896,0.23232323232323226,0.05858585858585863,0.3090909090909091,0.42020202020202024
0.5652173913043479,-0.004830917874396157,0.1594202898550725,0.09178743961352653,0.14009661835748793,0.1787439613526569,0.15942028985507245,0.41062801932367154,0.40096618357487923
0.48477751756440274,0.049180327868852514,0.025761124121779888,-0.025761124121779888,0.10538641686182676,0.21311475409836067,-0.03512880562060894,0.3161592505854801,0.34426229508196715
0.3094170403587444,0.040358744394618784,0.03139013452914796,-0.08520179372197312,0.14798206278026904,0.05829596412556054,0.33632286995515703,0.5695067264573992,0.6681614349775784
0.42260869565217396,0.08173913043478254,0.04347826086956519,-0.11652173913043479,0.08869565217391306,0.22434782608695653,0.0852173913043478,0.3669565217391304,0.457391304347826
0.3636363636363637,-0.10389610389610393,0.11038961038961043,-0.09090909090909083,0.11038961038961032,0.2272727272727273,0.038961038961039085,0.3571428571428572,0.5194805194805195
0.27499999999999997,0.04999999999999999,0.10000000000000003,-0.050000000000000044,0.175,0.0,0.22500000000000003,0.5750000000000001,0.6000000000000001
0.24731182795698925,-0.24731182795698925,0.09677419354838707,-0.26881720430107525,-0.31182795698924737,0.16129032258064513,0.31182795698924726,0.33333333333333337,0.29032258064516125
0.39252336448598124,-0.00934579439252331,0.03738317757009346,-0.09345794392523366,0.12616822429906543,0.15420560747663542,0.08411214953271023,0.3130841121495327,0.5093457943925235
0.3731343283582089,-0.08059701492537319,0.002985074626865647,0.02089552238805975,0.18208955223880596,0.05074626865671639,0.09850746268656718,0.30746268656716413,0.6179104477611941
0.3514915693904021,0.1024643320363165,0.019455252918287924,-0.04280155642023353,0.1387808041504539,0.18028534370946825,0.08690012970168604,0.3411154345006486,0.40856031128404663
0.2807017543859649,0.19298245614035098,0.4385964912280702,0.12280701754385964,0.2456140350877194,0.3157894736842106,-0.03508771929824556,0.6315789473684211,0.38596491228070173
0.2134831460674157,-0.101123595505618,-0.011235955056179803,-0.0337078651685393,0.1685393258426966,-0.011235955056179803,0.348314606741573,0.32584269662921356,0.550561797752809
0.34545454545454546,0.018181818181818243,0.06666666666666665,0.07878787878787885,0.09090909090909088,0.07878787878787885,0.2727272727272727,0.49090909090909096,0.47878787878787876
0.36170212765957444,0.148936170212766,0.14893617021276595,0.06382978723404253,0.021276595744680882,0.3191489361702127,0.27659574468085113,0.27659574468085113,0.48936170212765956
0.5463917525773195,0.1546391752577319,0.05154639175257736,-0.05154639175257725,-0.030927835051546393,0.3814432989690722,0.19587628865979384,0.030927835051546393,0.5876288659793814
0.41333333333333333,0.040000000000000036,0.08000000000000007,-0.046666666666666634,0.1266666666666667,0.10000000000000003,0.08666666666666667,0.3933333333333333,0.41999999999999993
0.32352941176470584,0.0490196078431373,-0.08823529411764713,-0.019607843137254832,0.08823529411764713,0.03921568627450972,0.12745098039215685,0.41176470588235287,0.4411764705882353
0.4285714285714286,-0.032967032967033016,0.1648351648351648,-0.1758241758241758,0.07692307692307687,0.2747252747252747,-0.0219780219780219,0.40659340659340654,0.5824175824175823
0.68,-0.24,0.10000000000000009,-0.52,0.33999999999999997,0.22000000000000003,-0.36000000000000004,0.06000000000000005,0.72
0.4392523364485981,-0.08411214953271023,0.10280373831775702,-0.028037383177570097,0.1775700934579439,0.17757009345794394,-0.06542056074766356,0.27102803738317754,0.34579439252336447
0.42268041237113396,-0.010309278350515427,0.010309278350515427,-0.11340206185567014,0.19587628865979378,0.2783505154639175,0.13402061855670105,0.5463917525773196,0.40206185567010305
0.38125000000000003,0.0,0.17500000000000004,-0.07500000000000007,0.08749999999999997,0.21875,0.04375000000000007,0.41250000000000003,0.41874999999999996
0.3728395061728395,-0.06666666666666665,0.12592592592592594,-0.032098765432098775,0.1061728395061729,0.07160493827160497,0.14074074074074078,0.4222222222222221,0.6000000000000001
0.5223880597014925,-0.08059701492537319,0.06865671641791044,-0.06865671641791038,-0.002985074626865758,0.08059701492537319,-0.06865671641791038,0.2776119402985074,0.5462686567164179
0.40490797546012264,0.018404907975460016,0.08588957055214719,-0.12883435582822095,0.012269938650306678,-0.006134969325153339,0.04907975460122693,0.28220858895705525,0.6012269938650308
0.4153846153846154,0.15384615384615385,0.07692307692307687,0.0,0.15384615384615385,0.06153846153846154,0.24615384615384617,0.4153846153846154,0.3076923076923077
0.4524207011686143,-0.021702838063439034,0.12520868113522532,-0.04173622704507518,0.11519198664440733,0.10851419031719534,0.005008347245408995,0.35559265442404003,0.5158597662771285
0.46201232032854206,-0.01848049281314168,0.06365503080082124,-0.0636550308008213,0.17453798767967138,0.05954825462012314,0.10472279260780293,0.3552361396303901,0.47843942505133474
0.3905817174515236,0.013850415512465408,0.04155124653739617,-0.013850415512465353,0.08587257617728539,0.1523545706371192,0.030470914127423754,0.30747922437673125,0.4349030470914128
0.5714285714285715,0.03125,0.058035714285714246,-0.1517857142857143,0.044642857142857206,0.15625,-0.0625,0.3348214285714286,0.48214285714285715
0.4370860927152318,-0.05960264900662254,0.013245033112582794,-0.09933774834437092,0.09933774834437092,0.06622516556291386,-0.039735099337748325,0.28476821192052976,0.5231788079470199
0.4159779614325068,0.13498622589531672,0.0853994490358127,-0.019283746556473746,0.11294765840220378,0.1460055096418733,0.03581267217630857,0.3719008264462809,0.42148760330578516
0.39568345323741005,0.09352517985611503,0.17985611510791366,-0.07913669064748202,0.02158273381294956,0.4244604316546763,0.09352517985611503,0.3525179856115108,0.3237410071942446
0.41732283464566927,0.07086614173228345,0.18110236220472442,-0.11811023622047245,0.11811023622047245,0.19685039370078744,-0.007874015748031482,0.5118110236220472,0.4803149606299213
0.359375,-0.03645833333333326,0.109375,-0.24479166666666657,0.08333333333333326,0.32291666666666674,-0.07291666666666657,0.234375,0.41145833333333326
0.44978165938864634,-0.048034934497816595,0.1266375545851528,-0.1266375545851528,0.15283842794759822,0.0393013100436681,0.10917030567685582,0.48471615720524014,0.6331877729257642
0.42253521126760557,-0.07746478873239432,-0.056338028169014065,-0.176056338028169,0.12676056338028174,0.0,0.11971830985915494,0.27464788732394363,0.6056338028169015
0.3846153846153846,0.05494505494505497,-0.06593406593406592,-0.06593406593406592,0.1208791208791209,-0.032967032967032905,0.19780219780219777,0.4285714285714286,0.5934065934065935
0.44558521560574954,-0.010266940451745477,0.17043121149897322,0.006160164271047208,0.215605749486653,0.0965092402464065,0.0924024640657084,0.25667351129363447,0.5154004106776182
0.39358600583090375,0.06705539358600582,0.026239067055393583,-0.07288629737609331,0.07288629737609331,0.12536443148688048,0.1137026239067056,0.5043731778425656,0.5160349854227406
0.4488188976377953,0.055118110236220375,0.14960629921259844,0.08661417322834652,0.2440944881889764,0.1653543307086614,0.22834645669291342,0.49606299212598426,0.6062992125984251
0.5131964809384164,-0.03812316715542524,0.0850439882697947,-0.04398826979472137,0.12609970674486798,0.3079178885630498,-0.02639296187683282,0.28445747800586507,0.4252199413489737
0.3463855421686746,0.08433734939759041,0.02108433734939763,-0.054216867469879526,0.08734939759036142,0.12951807228915663,0.10542168674698799,0.37048192771084343,0.4036144578313254
0.5545023696682465,-0.1090047393364929,0.2037914691943128,-0.06161137440758302,0.09004739336492884,0.23222748815165872,0.023696682464454943,0.2511848341232228,0.5545023696682465
0.43019943019943024,-0.042735042735042805,0.0883190883190883,-0.07692307692307687,0.05982905982905984,0.15669515669515666,0.09401709401709407,0.23646723646723644,0.6011396011396011
0.37192982456140355,-0.03157894736842115,0.13333333333333336,-0.10175438596491232,0.11578947368421044,0.14385964912280702,0.03508771929824567,0.3333333333333334,0.45614035087719307
0.4701195219123506,0.0239043824701195,0.055776892430278835,-0.07968127490039834,0.11553784860557759,0.1274900398406375,-0.003984063745019917,0.28685258964143434,0.47410358565737054
0.4011299435028248,0.10734463276836159,0.039548022598870025,-0.005649717514124297,0.20903954802259883,0.20903954802259894,0.16384180790960456,0.4463276836158192,0.37853107344632775
0.4691358024691358,0.08641975308641975,0.06172839506172845,-0.1234567901234569,0.07407407407407407,0.08641975308641969,0.03703703703703698,0.345679012345679,0.40740740740740744
0.33333333333333337,0.02876480541455173,0.10659898477157359,-0.10659898477157359,0.038917089678510985,0.06598984771573607,0.03214890016920474,0.27241962774957695,0.4856175972927242
0.5798611111111112,-0.17708333333333331,-0.07638888888888884,-0.3958333333333334,0.18055555555555547,0.20486111111111116,-0.21875,0.20486111111111116,0.59375
0.6764705882352942,-0.1470588235294117,0.411764705882353,-0.2058823529411764,0.1764705882352941,0.29411764705882354,-0.11764705882352944,0.32352941176470595,0.7647058823529411
0.326923076923077,-0.038461538461538436,0.019230769230769162,-0.028846153846153744,0.009615384615384581,-0.08653846153846145,0.1826923076923077,0.4326923076923076,0.375
0.4578005115089514,0.04347826086956519,0.007672634271099765,-0.15089514066496162,0.0843989769820972,0.1867007672634271,0.002557544757033181,0.32480818414322243,0.4833759590792839
0.4516971279373368,-0.054830287206266315,0.09138381201044377,-0.1383812010443864,0.16971279373368148,0.2637075718015666,0.04438642297650125,0.24281984334203655,0.47258485639686687
0.4561797752808989,0.011235955056179803,0.006741573033707926,-0.12359550561797755,0.13258426966292136,0.1775280898876404,-0.02921348314606742,0.3662921348314607,0.49662921348314604
0.37142857142857144,-0.06122448979591827,0.11020408163265305,0.012244897959183765,0.14285714285714285,0.05306122448979589,0.0857142857142858,0.3877551020408163,0.5673469387755103
0.5268817204301075,0.13978494623655924,0.09677419354838707,-0.09677419354838707,0.13978494623655924,0.24731182795698925,0.16129032258064507,0.6129032258064515,0.41935483870967744
0.4477958236658932,-0.03480278422273786,0.09512761020881677,-0.19721577726218098,0.16009280742459397,0.17401392111368907,-0.03480278422273786,0.2668213457076566,0.5034802784222738
0.42889137737961924,0.07278835386338184,0.030235162374020186,-0.04815229563269874,0.10638297872340419,0.1243001119820829,0.03919372900335949,0.36618141097424406,0.4400895856662934
0.3402061855670104,0.01718213058419238,-0.02405498281786933,-0.05154639175257736,0.10652920962199319,0.030927835051546282,0.1546391752577319,0.31958762886597936,0.4776632302405499
0.42492012779552724,0.0031948881789136685,0.003194888178913724,-0.11821086261980834,0.10543130990415328,0.08626198083067088,0.1501597444089457,0.45047923322683703,0.5207667731629393
0.35911602209944743,0.05524861878453047,0.06077348066298338,-0.04419889502762425,0.13812154696132595,0.08839779005524862,0.17679558011049723,0.419889502762431,0.5524861878453038
0.38709677419354843,-0.025806451612903236,-0.012903225806451646,-0.058064516129032295,0.1225806451612903,0.006451612903225767,0.14193548387096772,0.39999999999999997,0.49032258064516127
0.36329588014981273,0.05617977528089879,-0.0037453183520599342,-0.04119850187265911,0.1685393258426966,0.16104868913857684,0.05617977528089885,0.3483146067415731,0.4307116104868913
0.3901808785529716,0.012919896640826989,0.05943152454780365,-0.12661498708010338,0.11111111111111116,0.09560723514211888,0.15245478036175708,0.3540051679586563,0.5917312661498708
0.41666666666666674,-0.11805555555555558,0.14583333333333331,-0.04861111111111116,0.14583333333333343,0.22916666666666663,-0.00694444444444442,0.27777777777777773,0.5277777777777777
0.403755868544601,0.03755868544600949,0.06572769953051644,-0.004694835680751186,0.15962441314554,0.1502347417840375,0.15962441314553993,0.40845070422535207,0.48356807511737093
0.36115569823434995,0.05617977528089885,0.09791332263242375,-0.0786516853932584,0.12038523274478324,0.2616372391653291,0.0401284109149278,0.3451043338683788,0.48314606741573035
0.3879781420765027,0.04189435336976316,0.08925318761384338,-0.03825136612021862,0.08196721311475408,0.07468123861566478,0.09289617486338808,0.33333333333333326,0.45355191256830607
0.553719008264463,0.03305785123966942,0.06611570247933884,-0.008264462809917328,0.04958677685950419,0.14876033057851235,-0.07438016528925617,0.43801652892561993,0.6033057851239669
0.39873417721518983,0.0,0.10126582278481017,-0.06329113924050628,0.08860759493670889,0.22151898734177206,0.08227848101265822,0.3164556962025316,0.5
0.444141689373297,0.03542234332425065,-0.019073569482288943,-0.04632152588555849,0.04087193460490468,0.0953678474114441,0.05177111716621252,0.3732970027247957,0.5258855585831061
0.41630901287553645,0.10729613733905585,-0.012875536480686733,-0.030042918454935563,0.09012875536480686,0.012875536480686733,0.10729613733905574,0.43347639484978545,0.5793991416309012
0.2292682926829268,-0.04390243902439028,0.09268292682926838,-0.014634146341463428,0.18048780487804883,0.102439024390244,0.2292682926829268,0.42439024390243896,0.5804878048780489
0.5278688524590165,-0.0360655737704918,0.07540983606557372,-0.12131147540983611,0.049180327868852514,0.1081967213114754,-0.08196721311475419,0.2590163934426229,0.521311475409836
0.5106382978723405,0.07446808510638298,0.010638297872340441,-0.08510638297872342,-0.053191489361702204,0.23404255319148937,-0.04255319148936171,0.4042553191489362,0.3936170212765958
0.4397031539888683,0.027829313543599188,0.06864564007421148,-0.03896103896103892,0.10575139146567714,0.2838589981447124,0.07606679035250469,0.3061224489795919,0.5398886827458256
0.423728813559322,0.02824858757062154,0.016949152542372836,0.039548022598870025,0.23163841807909608,0.10734463276836159,0.2542372881355932,0.5480225988700564,0.6384180790960452
0.540785498489426,-0.08761329305135951,0.08761329305135956,-0.18429003021148033,0.1178247734138973,0.190332326283988,-0.05135951661631427,0.23867069486404835,0.5347432024169185
0.49797570850202433,0.05263157894736836,0.09311740890688247,-0.08502024291497978,0.1497975708502024,0.3441295546558705,0.028340080971659964,0.4979757085020244,0.4574898785425101
0.514018691588785,-0.01869158878504673,0.10280373831775697,-0.09345794392523366,0.05607476635514019,0.10280373831775697,0.07476635514018692,0.40186915887850466,0.514018691588785
0.46596858638743455,-0.02617801047120416,0.07853403141361248,-0.12041884816753923,0.07853403141361248,0.12041884816753923,0.07853403141361248,0.3717277486910995,0.49738219895287955
0.4163934426229509,0.022950819672131195,0.07540983606557372,-0.029508196721311553,0.08196721311475413,0.19999999999999996,0.042622950819672045,0.39016393442622954,0.42950819672131146
0.3333333333333334,0.10144927536231885,-0.01449275362318847,-0.05797101449275366,0.13043478260869562,0.1594202898550725,0.1739130434782608,0.5652173913043477,0.5072463768115942
0.2727272727272727,-0.15151515151515144,0.09090909090909088,-0.13131313131313127,-0.05050505050505055,0.07070707070707072,0.23232323232323226,0.3737373737373737,0.6969696969696969
0.3663366336633663,0.04950495049504955,0.04290429042904287,-0.07590759075907588,0.11551155115511547,0.17491749174917492,0.17491749174917492,0.48514851485148514,0.49834983498349833
0.625,0.03125,0.25,0.03125,0.15625,0.375,0.21875,0.3125,0.4375
0.42268041237113396,0.07216494845360827,0.09278350515463912,0.07216494845360827,0.15463917525773196,0.2989690721649484,0.07216494845360827,0.38144329896907214,0.25773195876288657
0.4058577405857741,0.06276150627615062,-0.07112970711297067,-0.07949790794979084,0.07949790794979084,0.04602510460251047,0.12970711297071125,0.4644351464435146,0.39748953974895396
0.3828996282527881,0.018587360594795488,0.040892193308550207,0.0037174721189590088,0.1301115241635688,0.13011152416356886,0.17472118959107807,0.4572490706319703,0.5390334572490706
0.38218714768883877,0.06200676437429542,0.11386696730552426,-0.08004509582863584,0.1341600901916573,0.2153325817361894,0.10484780157835405,0.3325817361894025,0.4295377677564825
0.3650793650793651,0.06878306878306883,-0.04761904761904756,0.06878306878306883,0.11111111111111116,0.005291005291005235,0.34391534391534384,0.6190476190476191,0.6719576719576719
0.34096109839816924,-0.020594965675057253,0.029748283752860427,-0.034324942791762014,0.08924485125858128,0.10755148741418763,0.1212814645308925,0.3226544622425629,0.5011441647597255
0.5137614678899083,-0.05504587155963303,0.11926605504587151,-0.10091743119266061,0.15596330275229364,0.10091743119266056,0.07339449541284404,0.3669724770642202,0.5045871559633028
0.37142857142857144,0.20000000000000007,0.2571428571428571,0.06666666666666665,-0.10476190476190478,0.2190476190476191,-0.02857142857142847,0.20000000000000007,0.3904761904761904
0.30656934306569344,0.0948905109489051,0.08029197080291972,-0.08029197080291972,0.13868613138686126,0.014598540145985384,0.014598540145985384,0.5182481751824817,0.5109489051094891
0.4486486486486487,0.10270270270270271,0.1351351351351351,-0.048648648648648596,0.08108108108108109,0.09189189189189184,0.048648648648648596,0.30810810810810807,0.545945945945946
0.4285714285714286,0.07335907335907338,0.15830115830115826,0.01158301158301156,0.09652509652509655,0.2355212355212355,0.10424710424710426,0.359073359073359,0.4131274131274131
0.3966480446927374,-0.013035381750465591,0.04283054003724396,-0.06890130353817497,0.11731843575418993,0.13594040968342647,0.10986964618249534,0.3705772811918063,0.5121042830540037
0.4757281553398057,-0.05339805825242716,-0.009708737864077666,-0.17475728155339804,0.058252427184465994,0.058252427184465994,-0.07766990291262138,0.2087378640776698,0.5048543689320388
0.3929411764705882,0.13411764705882362,-0.011764705882352955,0.02117647058823524,0.12941176470588234,0.0776470588235294,0.16705882352941176,0.3929411764705883,0.5623529411764707
0.40977443609022557,0.003759398496240518,0.08646616541353386,-0.06390977443609014,0.08270676691729317,0.07894736842105265,-0.06766917293233088,0.3345864661654136,0.45112781954887227
0.4748603351955307,0.06145251396648044,0.06145251396648049,-0.005586592178770944,0.07262569832402233,0.17318435754189943,0.1396648044692737,0.2960893854748603,0.2625698324022347
0.37777777777777777,0.08888888888888885,0.24444444444444446,-0.022222222222222143,0.11111111111111116,0.35555555555555557,0.19999999999999996,0.0,0.5333333333333332
0.29320987654320996,-0.14814814814814814,0.027777777777777735,-0.033950617283950546,-0.05555555555555558,0.1450617283950617,0.1111111111111111,0.3580246913580247,0.4753086419753086
0.3333333333333333,0.3333333333333333,0.17460317460317454,-0.015873015873015872,-0.015873015873015872,0.3968253968253968,0.3968253968253968,0.14285714285714285,0.3968253968253968
0.6103896103896105,0.11688311688311687,0.24675324675324672,-0.038961038961038974,-0.0649350649350649,0.3766233766233765,-0.012987012987012991,0.24675324675324672,0.4545454545454546
0.5762711864406779,-0.06779661016949157,0.18644067796610164,-0.30508474576271194,0.2542372881355932,0.423728813559322,-0.15254237288135597,0.3389830508474576,0.6949152542372881
0.5030674846625767,-0.030674846625766916,-0.024539877300613522,-0.04907975460122693,0.030674846625766916,0.05521472392638044,0.1165644171779141,0.3742331288343559,0.45398773006134974
0.34911242603550297,-0.023668639053254392,0.07100591715976323,-0.047337278106508895,0.09467455621301779,0.029585798816567976,0.1775147928994083,0.36094674556213013,0.4615384615384616
0.3503401360544218,-0.09183673469387754,0.054421768707483054,-0.010204081632652962,0.11904761904761907,0.054421768707483054,-0.07482993197278914,0.24489795918367352,0.46258503401360546
0.4673913043478261,-0.05434782608695654,0.11956521739130432,0.0,0.13043478260869568,-0.021739130434782705,0.09782608695652173,0.44565217391304346,0.5326086956521738
0.36241610738255037,0.06711409395973145,0.0738255033557047,-0.02684563758389258,0.13422818791946312,0.24832214765100669,-0.006711409395973145,0.3959731543624161,0.4093959731543624
0.3846153846153846,-0.022624434389140247,0.09502262443438919,-0.03167420814479632,0.05882352941176472,0.31221719457013575,0.14932126696832576,0.23076923076923084,0.3484162895927602
0.33990147783251223,0.04433497536945813,0.17241379310344818,-0.10344827586206895,0.16256157635467972,0.18226600985221664,0.12315270935960587,0.3891625615763547,0.5369458128078817
0.5221238938053099,0.017699115044247815,0.23008849557522126,-0.09734513274336276,0.1327433628318584,0.4070796460176992,0.0619469026548673,0.2123893805309734,0.4336283185840708
0.5384615384615383,-0.00366300366300365,0.09157509157509158,-0.07692307692307693,0.06959706959706957,0.25274725274725274,-0.06959706959706957,0.25274725274725274,0.4432234432234433
0.4482758620689655,-0.13793103448275867,0.10344827586206895,-0.10344827586206895,0.06896551724137928,0.1379310344827585,-0.08045977011494254,0.21839080459770122,0.6666666666666665
0.36802973977695164,0.018587360594795488,0.044609665427509215,-0.08550185873605942,0.09665427509293689,0.2193308550185873,0.10780669144981414,0.40892193308550184,0.513011152416357
0.38993710691823896,-0.0062893081761006275,0.04402515723270439,-0.028301886792452824,0.09433962264150941,0.20754716981132076,0.04088050314465408,0.25786163522012573,0.47798742138364775
0.34056399132321047,0.015184381778741818,0.14967462039045554,-0.08893709327548804,0.12364425162689807,0.22342733188720176,0.09327548806941438,0.3882863340563991,0.527114967462039
0.39121338912133885,0.08158995815899583,0.12133891213389125,-0.060669456066945626,0.14016736401673635,0.21338912133891214,0.11297071129707109,0.41004184100418417,0.4267782426778242
0.38043478260869573,0.13043478260869557,0.14130434782608692,-0.04347826086956519,0.1739130434782608,0.11956521739130438,0.18478260869565227,0.5217391304347827,0.6086956521739131
0.3896457765667574,0.008174386920980936,0.05177111716621252,0.10626702997275211,0.11716621253405995,0.0953678474114441,0.17166212534059944,0.42234332425068116,0.5531335149863761
0.4345794392523365,0.009345794392523366,0.009345794392523366,-0.02803738317757004,0.12149532710280375,0.15887850467289716,0.0981308411214954,0.32710280373831774,0.514018691588785
0.5443037974683544,-0.02953586497890287,0.06329113924050639,-0.20675105485232065,0.07172995780590719,0.046413502109704685,-0.17299578059071735,0.20675105485232065,0.5780590717299579
0.5529411764705883,-0.15294117647058814,-0.035294117647058754,0.0352941176470587,0.0117647058823529,0.035294117647058754,0.29411764705882354,0.3176470588235294,0.5058823529411764
0.39552238805970147,-0.14179104477611942,0.08955223880597013,-0.13432835820895517,0.11940298507462693,0.08208955223880587,-0.00746268656716409,0.291044776119403,0.5895522388059702
0.48051948051948046,0.19480519480519476,0.03896103896103892,0.14285714285714285,0.0649350649350649,0.2987012987012987,0.2987012987012987,0.5064935064935066,0.4285714285714285
0.393939393939394,0.0,0.15151515151515155,0.030303030303030276,0.06060606060606055,0.09090909090909083,0.15151515151515144,0.21212121212121215,0.39393939393939403
0.30000000000000004,0.16000000000000003,0.1600000000000001,0.020000000000000018,0.21999999999999997,0.26,0.24,0.66,0.6200000000000001
0.3532934131736527,-0.017964071856287456,0.017964071856287456,-0.12574850299401197,0.12574850299401197,0.11377245508982042,-0.07784431137724557,0.4970059880239521,0.5688622754491018
0.2825112107623319,0.14798206278026904,0.11210762331838575,-0.013452914798206261,0.17488789237668168,0.03139013452914807,0.29147982062780275,0.5964125560538116,0.5784753363228701
0.44918032786885254,0.029508196721311497,0.04262295081967221,-0.009836065573770536,0.09508196721311479,0.06885245901639347,0.05573770491803276,0.278688524590164,0.4885245901639345
0.32577903682719545,0.031161473087818692,0.1104815864022663,-0.008498583569405138,0.09915014164305941,0.10481586402266285,0.20113314447592062,0.3767705382436261,0.5524079320113313
0.45714285714285713,-0.04999999999999999,0.04285714285714293,-0.01428571428571429,0.07857142857142863,0.09285714285714297,0.14285714285714285,0.44285714285714295,0.47857142857142865
0.16030534351145032,0.03816793893129766,0.23664122137404586,0.1145038167938931,0.05343511450381677,0.2519083969465649,0.12977099236641215,0.3435114503816794,0.43511450381679395
0.36310679611650487,0.1029126213592233,0.18058252427184462,-0.1533980582524272,0.060194174757281615,0.24271844660194164,0.05631067961165054,0.32815533980582523,0.47961165048543686
0.38235294117647056,-0.01764705882352935,0.0,-0.06470588235294117,0.10588235294117648,0.05294117647058827,0.10588235294117654,0.32352941176470595,0.5705882352941176
0.3932584269662922,0.04119850187265911,0.06741573033707865,-0.03370786516853935,0.0898876404494382,0.15730337078651685,0.026217228464419484,0.3295880149812734,0.5580524344569288
0.472668810289389,-0.048231511254019255,0.09967845659163982,-0.04180064308681675,0.05466237942122176,0.18327974276527326,-0.08038585209003218,0.35691318327974275,0.47909967845659157
0.16509433962264142,-0.31603773584905653,-0.018867924528301883,-0.12264150943396235,-0.12264150943396229,0.0,0.3349056603773585,0.3443396226415094,0.5754716981132075
0.5550122249388753,-0.07090464547677255,0.07090464547677261,-0.14914425427872857,0.15892420537897312,0.10024449877750607,0.022004889975550113,0.2616136919315404,0.5012224938875305
0.37572254335260125,-0.0809248554913295,0.16763005780346818,-0.011560693641618602,0.12138728323699421,0.16184971098265893,0.09248554913294793,0.33526011560693636,0.47398843930635837
0.5725190839694656,-0.007633587786259555,0.03816793893129766,-0.08396946564885499,-0.05343511450381677,0.06870229007633588,-0.02290076335877861,0.3435114503816794,0.6030534351145038
0.2944983818770226,-0.08090614886731395,0.029126213592232997,-0.003236245954692518,0.11974110032362462,-0.022653721682847905,0.09385113268608425,0.35922330097087385,0.5598705501618122
0.3596059113300493,-0.024630541871921263,-0.0640394088669951,0.07389162561576357,0.10344827586206895,0.07389162561576357,0.1822660098522167,0.458128078817734,0.4482758620689655
0.4457831325301205,-0.15662650602409633,-0.108433734939759,-0.06024096385542177,0.06024096385542166,0.2771084337349398,0.2530120481927711,0.20481927710843373,0.5180722891566265
0.4676258992805755,-0.02877697841726623,0.021582733812949728,-0.1007194244604317,0.06474820143884896,0.16546762589928066,0.05755395683453246,0.3309352517985611,0.5251798561151078
0.3929961089494163,0.07782101167315186,0.0,-0.12840466926070038,0.14396887159533073,-0.023346303501945498,0.04280155642023348,0.4357976653696498,0.5175097276264591
0.40625,0.015625,0.0,-0.140625,-0.078125,0.0078125,0.09375,0.28125,0.5078125
0.4910394265232976,-0.0465949820788531,0.032258064516129004,0.032258064516129004,0.11827956989247318,0.16129032258064524,0.15412186379928317,0.41935483870967744,0.5268817204301075
0.5662650602409638,0.004016064257028162,0.14859437751004023,-0.02008032128514059,0.03614457831325302,0.15662650602409633,0.04417670682730929,0.2931726907630523,0.5903614457831325
0.17054263565891464,-0.26356589147286824,0.015503875968992276,-0.2015503875968992,-0.22480620155038755,0.023255813953488413,0.22480620155038755,0.2790697674418605,0.558139534883721
0.451063829787234,0.09361702127659571,0.06808510638297882,0.029787234042553123,0.11489361702127665,0.10212765957446807,0.051063829787234116,0.374468085106383,0.3531914893617021
0.45328719723183397,-0.10034602076124566,0.15570934256055363,0.01038062283737018,0.02422145328719716,0.08650519031141868,0.03114186851211076,0.32179930795847755,0.5294117647058822
0.19327731092436973,0.09243697478991603,0.05882352941176472,0.04201680672268898,0.27731092436974786,0.24369747899159666,0.04201680672268898,0.546218487394958,0.3445378151260505
0.23595505617977525,0.08314606741573033,0.03370786516853924,-0.0876404494382022,0.14606741573033716,0.051685393258426915,0.21797752808988768,0.5235955056179775,0.595505617977528
0.3542976939203354,0.09014675052410892,0.08176100628930816,-0.002096436058700135,0.13626834381551362,0.19916142557651995,0.19077568134171907,0.4926624737945493,0.5639412997903563
0.22475570032573294,-0.20521172638436486,0.0032573289902280145,-0.09446254071661242,0.02931596091205213,0.02931596091205213,0.237785016286645,0.3615635179153095,0.5700325732899023
0.48484848484848486,-0.015151515151515138,0.12121212121212127,-0.09090909090909088,0.030303030303030276,0.393939393939394,-0.09090909090909088,0.25757575757575757,0.42424242424242425
0.42629482071713154,0.003984063745019917,-0.05976095617529875,-0.03585657370517925,0.10756972111553781,-0.003984063745019917,0.17131474103585653,0.37051792828685265,0.4820717131474104
0.47404844290657433,-0.0726643598615917,0.09342560553633217,-0.0726643598615917,0.0726643598615917,0.06574394463667815,-0.03114186851211076,0.23183391003460208,0.47404844290657433
0.4101941747572816,0.14077669902912615,0.09951456310679618,0.05097087378640763,0.2572815533980582,0.2063106796116505,0.09708737864077666,0.3106796116504854,0.46116504854368934
0.5416666666666665,0.0,0.17500000000000004,-0.06666666666666665,0.05833333333333335,0.14166666666666666,0.024999999999999967,0.3916666666666666,0.5833333333333333
0.5138888888888888,0.06944444444444442,0.11111111111111116,0.15277777777777768,0.027777777777777735,0.19444444444444442,0.13888888888888884,0.48611111111111116,0.38888888888888884
0.4682352941176471,-0.05882352941176472,0.011764705882352955,-0.07294117647058818,0.18117647058823527,0.18117647058823527,0.06352941176470589,0.2894117647058824,0.5670588235294117
0.397212543554007,0.027874564459930307,0.08362369337979092,0.024390243902439046,0.09756097560975613,0.13588850174216027,0.16027874564459932,0.4146341463414634,0.5087108013937283
0.4177777777777778,-0.004444444444444473,0.15999999999999998,-0.026666666666666672,0.08888888888888902,0.16888888888888887,0.040000000000000036,0.3111111111111111,0.5377777777777779
0.3804511278195488,0.03759398496240607,0.1037593984962406,-0.022556390977443608,0.10075187969924815,0.05263157894736836,0.08571428571428569,0.31729323308270674,0.5278195488721804
0.3976833976833976,-0.027027027027026973,0.12741312741312738,-0.09652509652509655,0.09652509652509655,0.10424710424710426,0.057915057915057966,0.2741312741312742,0.6216216216216217
0.38227848101265827,0.04303797468354431,0.05316455696202527,-0.08354430379746836,0.10379746835443027,0.1848101265822784,-0.07341772151898729,0.25063291139240507,0.41265822784810124
0.45283018867924524,0.028301886792452824,0.0660377358490567,-0.07547169811320753,0.07547169811320753,0.07547169811320753,0.15094339622641512,0.3679245283018867,0.6132075471698113
0.39698492462311563,-0.055276381909547645,0.085427135678392,-0.01507537688442212,0.12562814070351758,0.11557788944723613,0.085427135678392,0.33668341708542715,0.48743718592964824
0.4227272727272728,0.09090909090909083,-0.009090909090909038,-0.11818181818181817,0.1681818181818182,0.07272727272727275,0.022727272727272763,0.32272727272727275,0.4636363636363636
0.42236024844720493,-0.062111801242235976,0.03105590062111796,-0.0993788819875776,0.16770186335403725,0.0931677018633541,0.08074534161490687,0.28571428571428564,0.5403726708074534
0.4956521739130435,-0.043478260869565244,0.05217391304347818,-0.026086956521739202,0.16521739130434782,0.11304347826086958,0.14782608695652177,0.3565217391304348,0.5043478260869565
0.4272076372315036,0.03579952267303099,-0.007159904534606243,-0.026252983293556076,0.15513126491646778,0.03579952267303099,0.17422434367541767,0.47016706443914075,0.6133651551312649
0.406474820143885,0.08992805755395683,0.1007194244604317,-0.057553956834532405,0.1079136690647482,0.19064748201438858,0.03237410071942448,0.3848920863309352,0.514388489208633
0.42883548983364145,-0.03142329020332724,0.06839186691312382,-0.0628465804066543,0.10536044362292052,0.23290203327171893,0.020332717190388205,0.30868761552680224,0.48059149722735667
0.488272921108742,-0.09168443496801704,0.07036247334754792,-0.08315565031982941,0.027718550106609785,0.10447761194029848,0.036247334754797356,0.2835820895522389,0.5394456289978677
0.4198473282442748,-0.01526717557251911,0.01908396946564883,-0.08015267175572527,0.23282442748091597,0.24809160305343514,0.08015267175572527,0.3320610687022901,0.4885496183206106
0.3881748071979434,-0.23907455012853474,0.05398457583547556,-0.08483290488431883,0.007712082262210762,0.028277634961439535,0.0025706940874035134,0.26992287917737784,0.43958868894601544
0.1547619047619047,0.03571428571428581,0.14285714285714285,-0.047619047619047505,0.20238095238095238,0.09523809523809534,0.25,0.5,0.5714285714285714
0.4603174603174603,0.033509700176366786,0.11816578483245144,-0.07231040564373897,0.12169312169312169,0.1887125220458553,0.06525573192239859,0.4038800705467372,0.44973544973544977
0.41556534508076354,0.08957415565345084,0.16005873715124813,0.02496328928046987,0.16005873715124824,0.16005873715124813,0.12187958883994116,0.47136563876651977,0.5242290748898678
0.2562814070351758,-0.2060301507537688,0.15577889447236182,-0.005025125628140614,-0.09547738693467339,0.07537688442211055,0.15577889447236193,0.3869346733668342,0.37688442211055273
0.5647668393782384,-0.03626943005181349,0.1295336787564767,-0.06735751295336789,0.06735751295336789,0.2435233160621762,-0.005181347150259086,0.2538860103626943,0.4715025906735751
0.5085536547433903,0.11664074650077749,0.0637636080870918,-0.09486780715396576,0.11041990668740276,0.14152410575427687,0.0855365474339036,0.34681181959564533,0.5738724727838258
0.37999999999999995,0.0,0.040000000000000036,-0.040000000000000036,0.16999999999999993,0.1200000000000001,0.10000000000000003,0.49,0.56
0.7475728155339807,0.04854368932038833,0.262135922330097,-0.1262135922330097,0.41747572815533984,0.22330097087378636,-0.029126213592232997,0.47572815533980584,0.5728155339805825
0.34206695778748175,-0.14410480349344978,0.048034934497816595,-0.14992721979621537,-0.00727802037845704,0.14701601164483252,0.00727802037845704,0.2983988355167395,0.4352256186317321
0.41704035874439466,-0.35426008968609857,-0.21076233183856496,-0.336322869955157,-0.20179372197309414,0.04932735426008966,-0.20179372197309425,0.022421524663677084,0.506726457399103
0.5196078431372548,0.03921568627450989,0.2549019607843137,-0.11764705882352944,0.2549019607843137,0.37254901960784315,0.08823529411764708,0.43137254901960786,0.43137254901960775
0.3724489795918368,-0.09693877551020402,0.1071428571428572,-0.09183673469387754,0.0357142857142857,0.20408163265306123,0.09693877551020419,0.37755102040816324,0.45408163265306123
0.6599999999999999,-0.040000000000000036,-0.08000000000000007,-0.11999999999999994,0.0,0.08000000000000007,-0.09999999999999998,0.32000000000000006,0.48
0.43100511073253833,-0.05621805792163537,0.09369676320272569,-0.13798977853492334,0.06643952299829647,0.2674616695059626,-0.04599659284497437,0.19591141396933565,0.403747870528109
0.44276457883369336,-0.03671706263498914,0.023758099352051865,-0.10151187904967607,0.09719222462203025,0.2958963282937365,-0.04535637149028071,0.19222462203023755,0.38228941684665235
0.5069767441860464,-0.05116279069767449,0.1348837209302325,-0.004651162790697716,0.16279069767441862,0.22790697674418597,0.0604651162790697,0.4139534883720931,0.34883720930232553
0.509433962264151,0.0037735849056603765,0.049056603773584895,-0.01132075471698113,0.1471698113207548,0.12452830188679243,0.07169811320754715,0.3584905660377359,0.5018867924528303
0.35757575757575755,0.08686868686868676,0.0828282828282828,-0.018181818181818132,0.0787878787878788,0.05454545454545451,0.1070707070707071,0.3535353535353536,0.5353535353535352
0.441747572815534,0.014563106796116498,0.03398058252427183,0.029126213592232997,0.05339805825242716,0.014563106796116498,0.13106796116504849,0.3980582524271845,0.5533980582524272
0.4464285714285714,0.013392857142857206,0.0,-0.10714285714285715,0.08928571428571425,-0.044642857142857206,0.08928571428571436,0.2901785714285714,0.5
0.13717693836978134,-0.31212723658051694,0.021868787276341894,-0.1093439363817097,-0.1530815109343937,-0.05765407554671964,0.3876739562624255,0.4194831013916502,0.5705765407554673
0.48993288590604017,0.046979865771812124,0.02013422818791938,0.10067114093959728,0.11409395973154357,0.11409395973154357,0.26174496644295303,0.5033557046979866,0.6107382550335569
0.5098814229249012,-0.00922266139657446,0.09617918313570484,-0.08036890645586298,0.11198945981554681,0.08036890645586303,-0.027667984189723327,0.2885375494071147,0.5204216073781291
0.404040404040404,-0.05050505050505055,0.025252525252525193,-0.1262626262626263,0.08080808080808083,0.06060606060606061,-0.015151515151515138,0.2828282828282829,0.5202020202020201
0.5033557046979866,0.02013422818791938,0.15436241610738244,0.2348993288590604,0.12751677852348986,0.4630872483221476,0.2751677852348994,0.4630872483221476,0.28859060402684555
0.5316804407713498,0.030303030303030276,0.052341597796143224,-0.1294765840220386,0.06887052341597794,0.21763085399449045,-0.01377410468319562,0.38842975206611563,0.5371900826446281
0.3076923076923077,0.32692307692307687,0.1538461538461539,0.13461538461538458,0.3846153846153846,0.11538461538461542,0.25,0.7115384615384615,0.576923076923077
0.4666666666666666,0.19999999999999996,0.26666666666666666,0.1333333333333333,0.1555555555555555,0.13333333333333336,0.3555555555555556,0.46666666666666673,0.5555555555555555
0.2870662460567823,-0.07886435331230285,0.041009463722397554,0.0473186119873818,0.02208201892744477,-0.06624605678233436,0.15457413249211355,0.49526813880126186,0.4006309148264985
0.2918918918918919,-0.11891891891891898,0.016216216216216217,-0.09189189189189184,-0.08648648648648649,0.032432432432432434,0.08648648648648649,0.4702702702702703,0.4756756756756757
0.15306122448979598,-0.27040816326530615,0.020408163265306145,-0.12755102040816318,-0.15306122448979598,-0.04591836734693877,0.3724489795918368,0.4438775510204081,0.5153061224489797
0.1340782122905027,-0.2849162011173184,-0.022346368715083775,-0.1340782122905027,-0.2067039106145252,-0.11731843575419004,0.25139664804469275,0.3743016759776536,0.5139664804469275
0.3571428571428572,-0.08730158730158732,-0.06349206349206349,-0.12698412698412698,0.08730158730158732,0.02380952380952378,0.21428571428571425,0.3492063492063493,0.5793650793650795
0.5335463258785942,-0.054313099041533475,0.1182108626198084,-0.11182108626198084,0.1182108626198084,0.220447284345048,0.022364217252396124,0.20127795527156556,0.5782747603833864
0.4363636363636364,-0.10909090909090913,0.036363636363636376,-0.1454545454545455,0.10909090909090913,-0.018181818181818132,0.018181818181818077,0.38181818181818183,0.5090909090909093
0.33333333333333337,0.03623188405797095,0.050724637681159424,-0.1376811594202898,0.10144927536231885,0.1594202898550724,0.02173913043478265,0.3405797101449275,0.47101449275362317
0.4113924050632911,-0.044303797468354444,0.050632911392405056,-0.07594936708860756,0.06329113924050628,-0.006329113924050611,0.1708860759493671,0.34810126582278483,0.6012658227848102
0.3720136518771331,-0.0511945392491468,0.11262798634812288,0.0034129692832765013,0.0853242320819112,0.13310580204778155,0.1945392491467577,0.39931740614334466,0.4744027303754267
0.3761904761904762,0.01904761904761898,0.10000000000000003,-0.04285714285714293,0.08095238095238089,0.01904761904761898,0.10476190476190483,0.34761904761904766,0.43333333333333335
0.2584269662921348,0.05617977528089879,-0.03370786516853941,-0.0786516853932584,0.03370786516853935,0.05617977528089879,0.12359550561797755,0.3932584269662922,0.41573033707865165
0.4711538461538462,-0.05769230769230771,-0.019230769230769218,-0.125,0.13461538461538458,0.08653846153846151,0.07692307692307693,0.3461538461538462,0.5673076923076923
0.3826086956521739,0.026086956521739202,-0.017391304347826153,-0.13913043478260873,0.07826086956521738,0.08695652173913038,0.06086956521739134,0.30434782608695654,0.5130434782608696
0.48108108108108105,-0.00540540540540535,0.09189189189189184,-0.027027027027027084,0.12432432432432433,0.07027027027027033,0.10270270270270271,0.4378378378378378,0.4378378378378378
0.3493975903614457,0.09236947791164662,-0.012048192771084432,-0.004016064257028107,0.02008032128514059,0.1405622489959839,0.03614457831325302,0.3815261044176706,0.3654618473895583
0.36992840095465396,-0.021479713603818618,0.059665871121718395,-0.06443914081145591,0.13126491646778038,0.20286396181384253,0.03102625298329359,0.3412887828162292,0.4272076372315036
0.24878048780487805,-0.33658536585365845,-0.1609756097560976,-0.1317073170731708,-0.2195121951219512,-0.004878048780487809,0.17073170731707327,0.3560975609756097,0.4536585365853658
0.4173228346456692,0.007874015748031482,0.11811023622047245,0.05511811023622043,0.05511811023622043,0.11023622047244097,0.07086614173228345,0.49606299212598426,0.5039370078740157
0.35930735930735924,-0.07936507936507947,0.10533910533910529,0.04761904761904756,0.08802308802308806,0.22366522366522368,0.0649350649350649,0.3246753246753247,0.5238095238095237
0.47826086956521735,-0.02173913043478265,0.02173913043478265,0.1739130434782608,0.23913043478260881,0.1739130434782608,0.04347826086956519,0.30434782608695654,0.5
0.47500000000000003,-0.07499999999999996,0.041666666666666685,-0.1416666666666666,0.09166666666666656,-0.041666666666666685,0.016666666666666607,0.31666666666666665,0.55
0.4012345679012346,-0.07407407407407396,0.012345679012345734,-0.19753086419753085,0.03703703703703709,0.3580246913580247,0.006172839506172867,0.2592592592592593,0.4691358024691357
0.4316939890710382,-0.016393442622950838,-0.14754098360655737,0.02732240437158473,0.11475409836065575,0.08196721311475402,0.24590163934426235,0.38797814207650283,0.3989071038251366
0.5057208237986269,-0.02517162471395884,0.06636155606407323,-0.02517162471395884,0.06178489702517165,0.2723112128146453,0.057208237986270005,0.3272311212814646,0.4919908466819222
0.43715846994535523,-0.04371584699453557,0.04371584699453557,-0.02732240437158473,0.10382513661202175,0.03825136612021862,0.12021857923497264,0.3497267759562841,0.5901639344262295
0.413953488372093,-0.05581395348837209,0.06511627906976747,-0.041860465116279055,0.08372093023255811,0.08372093023255811,0.11627906976744184,0.27441860465116275,0.5441860465116279
0.37360178970917235,-0.015659955257270708,0.0648769574944072,-0.18568232662192397,0.12304250559284124,0.4138702460850112,-0.0067114093959732,0.2348993288590604,0.40044742729306493
0.488,0.10400000000000004,0.05600000000000005,-0.07200000000000001,0.040000000000000036,0.408,0.12000000000000005,0.20000000000000007,0.488
0.43552311435523117,-0.03163017031630172,0.12408759124087587,-0.04136253041362531,0.051094890510948954,0.2846715328467153,-0.02189781021897813,0.19708029197080285,0.5279805352798053
0.44,0.02857142857142847,0.011428571428571455,-0.19999999999999996,0.1657142857142857,0.21142857142857147,-0.05142857142857138,0.13142857142857145,0.56
0.44529262086514,-0.04325699745547068,0.02290076335877861,-0.23664122137404586,0.14503816793893126,0.17557251908396948,-0.06870229007633588,0.11959287531806617,0.48091603053435117
0.38931297709923657,0.16030534351145037,0.11450381679389304,-0.12977099236641226,0.06870229007633588,0.45038167938931295,0.08396946564885499,0.20610687022900764,0.38931297709923657
0.37119675456389445,0.02231237322515217,0.02231237322515217,-0.15212981744421905,0.06288032454361048,-0.03853955375253548,0.13590263691683568,0.38336713995943206,0.5172413793103448
0.41397849462365593,0.026881720430107503,0.12365591397849451,-0.053763440860215006,0.11290322580645157,0.1774193548387097,0.12365591397849457,0.38709677419354843,0.4731182795698925
0.4090909090909091,0.0,0.1454545454545455,-0.08181818181818179,0.3,0.1454545454545455,0.10909090909090913,0.48181818181818187,0.6545454545454545
0.41643059490084994,0.10481586402266285,-0.031161473087818692,-0.14447592067988668,0.18980169971671385,0.0821529745042493,0.09915014164305941,0.47308781869688377,0.5694050991501416
0.393939393939394,0.1043771043771044,0.09090909090909088,0.07744107744107742,0.09764309764309764,0.08417508417508412,0.15824915824915825,0.40067340067340074,0.5892255892255891
0.45967741935483875,-0.07258064516129031,0.008064516129032251,-0.08064516129032256,0.09677419354838707,0.03225806451612906,0.15322580645161293,0.2983870967741935,0.653225806451613
0.4120734908136483,0.10236220472440949,0.07086614173228345,-0.013123359580052563,0.07086614173228345,0.13910761154855644,0.15485564304461935,0.3385826771653543,0.4488188976377953
0.4444444444444444,-0.02614379084967311,0.1437908496732026,0.013071895424836555,0.18300653594771243,0.19607843137254904,0.05882352941176472,0.3856209150326797,0.4901960784313726
0.30201342281879195,0.020134228187919545,0.0738255033557047,-0.033557046979865834,0.006711409395973256,0.20805369127516782,0.15436241610738255,0.3154362416107382,0.302013422818792
0.3257790368271954,0.059490084985835745,-0.04249291784702547,-0.15580736543909346,0.07082152974504252,0.22946175637393762,0.07648725212464585,0.1954674220963173,0.5014164305949009
0.40740740740740744,0.16049382716049376,-0.11111111111111116,-0.2839506172839506,-0.08641975308641975,0.2345679012345679,-0.08641975308641975,0.2098765432098766,0.5061728395061729
0.4728682170542635,-0.10077519379844957,0.13178294573643412,-0.10077519379844957,0.13178294573643412,0.17829457364341084,-0.06976744186046513,0.24031007751937983,0.39534883720930225
0.38732394366197187,0.03873239436619719,0.02464788732394374,-0.07042253521126768,0.13732394366197187,0.267605633802817,0.028169014084507005,0.2816901408450705,0.34859154929577457
0.5970695970695972,0.1135531135531136,0.025641025641025605,-0.02564102564102555,-0.01098901098901095,0.2893772893772893,0.04029304029304037,0.3333333333333334,0.3846153846153846
0.5428571428571428,-0.01142857142857151,0.05142857142857138,-0.10285714285714281,0.05714285714285716,0.24571428571428577,0.02285714285714291,0.4171428571428572,0.52
0.4054054054054054,-0.016216216216216217,0.048648648648648596,-0.01621621621621616,0.10270270270270271,0.15675675675675682,0.04504504504504503,0.42702702702702705,0.545945945945946
0.44891640866873067,-0.003095975232198178,0.1578947368421053,-0.1083591331269349,0.05882352941176472,0.08978328173374611,0.034055727554179516,0.3065015479876161,0.3993808049535603
0.5665914221218962,-0.11963882618510158,0.1467268623024831,-0.10158013544018057,0.09255079006772005,0.2776523702031603,-0.03837471783295704,0.27313769751692996,0.544018058690745
0.45569620253164567,0.044303797468354444,0.1518987341772151,0.0031645569620253333,0.129746835443038,0.129746835443038,0.01582278481012661,0.37658227848101267,0.46518987341772156
0.4510739856801909,-0.05011933174224348,0.05489260143198088,-0.059665871121718395,0.14081145584725535,0.10739856801909303,0.06921241050119331,0.3317422434367541,0.49880668257756566
0.45925925925925926,0.059259259259259345,0.08888888888888885,-0.14074074074074078,0.06666666666666665,0.0851851851851852,0.04444444444444445,0.32592592592592595,0.5148148148148148
0.43478260869565216,0.06521739130434784,0.0652173913043479,-0.03260869565217389,0.08695652173913038,0.032608695652174,0.07608695652173908,0.4130434782608696,0.5760869565217392
0.2941176470588236,-0.23529411764705888,0.0,-0.05882352941176472,0.02941176470588236,-0.2058823529411764,0.11764705882352944,0.32352941176470584,0.4411764705882353
0.26591760299625467,0.0786516853932584,-0.06367041198501866,-0.12359550561797755,0.16104868913857684,-0.08614232209737827,0.23595505617977525,0.5280898876404495,0.6179775280898876
0.4553990610328639,0.0,0.05164319248826299,-0.07981220657277,0.12676056338028174,0.24882629107981225,-0.0046948356807512415,0.3661971830985915,0.539906103286385
0.4137931034482758,0.0,0.2298850574712643,-0.05747126436781613,0.06896551724137934,0.43678160919540227,0.13793103448275867,0.14942528735632177,0.47126436781609193
0.4632034632034632,0.11688311688311687,0.09090909090909088,0.06493506493506501,0.1341991341991342,0.05627705627705626,0.11688311688311698,0.48051948051948046,0.4285714285714285
0.4537037037037037,-0.14814814814814814,0.1296296296296296,-0.15740740740740744,0.05555555555555558,0.3888888888888889,-0.03703703703703698,0.35185185185185186,0.48148148148148145
0.48514851485148514,-0.05940594059405946,0.04950495049504955,-0.13861386138613868,0.14851485148514848,0.2178217821782178,0.07920792079207922,0.33663366336633654,0.5544554455445545
0.2830188679245284,-0.018867924528301883,0.05660377358490565,-0.43396226415094347,0.018867924528301883,-0.05660377358490565,0.05660377358490565,0.05660377358490565,0.6603773584905661
0.4157303370786516,0.011235955056179803,0.101123595505618,-0.1573033707865168,0.0786516853932584,0.0898876404494382,-0.0898876404494382,0.3258426966292134,0.5842696629213484
0.3157894736842106,0.015037593984962516,0.022556390977443608,0.0,0.1278195488721805,0.1578947368421053,0.09774436090225569,0.22556390977443608,0.47368421052631576
0.45173745173745183,-0.0038610038610038533,0.042471042471042386,-0.1891891891891892,0.16602316602316597,0.10424710424710426,0.12741312741312738,0.5366795366795367,0.5366795366795367
0.3136531365313653,0.05904059040590415,0.12915129151291516,-0.08487084870848705,0.18819188191881914,0.23616236162361615,0.09963099630996308,0.3321033210332103,0.44280442804428044
0.39999999999999997,0.09333333333333327,0.19999999999999996,0.06666666666666665,0.09333333333333327,0.36000000000000004,0.08000000000000002,0.25333333333333335,0.41333333333333333
0.38547486033519546,0.0949720670391061,0.17318435754189943,0.08379888268156416,0.1843575418994413,0.3966480446927374,0.0949720670391061,0.2625698324022346,0.3743016759776536
0.472,-0.008000000000000007,0.13599999999999995,0.040000000000000036,0.16800000000000004,0.31199999999999994,0.02400000000000002,0.055999999999999994,0.472
0.3149171270718232,-0.03867403314917128,0.138121546961326,-0.1602209944751381,0.17127071823204426,0.22651933701657462,0.08287292817679554,0.3480662983425415,0.6243093922651934
0.4876033057851239,-0.12396694214876025,0.23966942148760334,-0.07438016528925617,0.1900826446280992,0.38842975206611574,0.14049586776859502,0.22314049586776857,0.4876033057851239
0.5217391304347827,-0.01449275362318847,0.028985507246376885,0.01449275362318847,0.01449275362318847,0.3333333333333334,0.05797101449275366,0.27536231884057966,0.5507246376811594
0.5703703703703704,0.051851851851851816,0.125925925925926,0.051851851851851816,0.06666666666666665,0.362962962962963,0.1555555555555555,0.18518518518518512,0.4962962962962963
0.30434782608695654,0.2173913043478261,-0.043478260869565244,-0.18840579710144928,0.04347826086956519,0.27536231884057966,0.27536231884057966,0.4202898550724638,0.4492753623188406
0.2413793103448275,-0.06896551724137939,0.17241379310344834,-0.06896551724137928,0.2758620689655173,0.20689655172413796,0.0,0.24137931034482762,0.5517241379310345
0.44919786096256686,0.09090909090909083,0.048128342245989275,-0.005347593582887722,0.04278074866310155,0.213903743315508,0.12834224598930488,0.24598930481283426,0.5454545454545454
0.4493506493506493,0.0857142857142858,0.044155844155844115,0.0701298701298701,0.11168831168831167,0.23116883116883113,0.19480519480519481,0.4337662337662338,0.4389610389610389
0.39622641509433953,-0.04402515723270439,0.13207547169811323,-0.09433962264150941,0.10691823899371067,0.10691823899371067,0.11949685534591192,0.39622641509433953,0.6226415094339623
0.466950959488273,-0.06609808102345416,0.09168443496801704,0.014925373134328401,0.04051172707889128,0.0959488272921109,0.07889125799573554,0.3304904051172708,0.5522388059701493
0.3788819875776397,-0.09316770186335405,0.006211180124223503,-0.13043478260869562,0.10559006211180127,0.10559006211180127,0.018633540372670787,0.4285714285714286,0.5527950310559007
0.43396226415094347,0.018867924528301883,-0.1446540880503145,-0.10691823899371067,0.14465408805031443,0.0062893081761006275,0.3081761006289309,0.47169811320754723,0.49685534591194974
0.23773584905660372,0.09433962264150941,0.09433962264150947,-0.04150943396226414,0.10943396226415092,-0.018867924528301883,0.13207547169811318,0.3660377358490567,0.5245283018867926
0.36885245901639346,0.04098360655737704,0.10655737704918034,-0.0901639344262295,0.008196721311475363,0.0901639344262295,0.19672131147540983,0.39344262295081966,0.6557377049180328
0.6417910447761194,-0.16417910447761186,0.31343283582089554,-0.2238805970149254,0.16417910447761186,0.3432835820895522,-0.2238805970149254,0.1940298507462686,0.6119402985074627
0.3899613899613899,0.042471042471042386,0.05791505791505802,-0.10424710424710426,0.08108108108108114,0.08880308880308885,-0.05019305019305026,0.3436293436293436,0.5057915057915059
0.3697916666666666,0.03645833333333326,0.08333333333333326,0.02604166666666674,0.11458333333333326,0.15625,0.10416666666666674,0.4010416666666666,0.53125
0.3206349206349206,0.11746031746031749,-0.0031746031746031633,-0.00952380952380949,0.0793650793650793,0.08571428571428569,0.13650793650793647,0.3904761904761904,0.5428571428571428
0.3647058823529412,0.03529411764705892,0.12941176470588234,-0.17647058823529416,0.03529411764705892,0.2941176470588235,0.17647058823529416,0.5294117647058822,0.7411764705882353
0.44360902255639095,0.05263157894736842,0.1278195488721804,-0.1578947368421053,-0.007518796992481147,0.27819548872180455,0.007518796992481147,0.4285714285714285,0.3984962406015038
0.4552529182879377,-0.023346303501945498,0.08949416342412458,-0.023346303501945498,0.13229571984435795,0.1245136186770428,0.07782101167315175,0.22178988326848253,0.5291828793774318
0.2658227848101266,-0.21518987341772144,0.16455696202531644,0.139240506329114,0.11392405063291139,0.31645569620253156,0.012658227848101333,0.26582278481012667,0.3417721518987342
0.356,0.008000000000000007,0.1200000000000001,-0.07200000000000006,0.09600000000000009,0.236,-0.01200000000000001,0.2879999999999999,0.492
0.392156862745098,0.08169934640522869,0.05882352941176472,-0.08169934640522869,0.0490196078431373,0.2222222222222222,-0.02287581699346397,0.2549019607843137,0.43137254901960775
0.3932584269662921,0.05842696629213484,0.03146067415730336,-0.09213483146067425,0.0786516853932584,0.21573033707865163,-0.006741573033707926,0.247191011235955,0.3977528089887641
0.524547803617571,-0.018087855297157618,0.05426356589147291,-0.007751937984496138,0.07493540051679581,0.17829457364341078,0.012919896640826822,0.3281653746770026,0.45219638242894056
0.6666666666666667,0.11494252873563227,0.011494252873563315,-0.08045977011494254,0.11494252873563227,0.1954022988505748,0.0,0.40229885057471254,0.5632183908045976
0.45945945945945954,0.1351351351351351,0.12162162162162166,-0.027027027027027084,0.0,0.3918918918918919,-0.027027027027027084,0.21621621621621623,0.45945945945945943
0.44973544973544977,-0.015873015873015872,0.07936507936507936,-0.06878306878306883,0.21693121693121686,0.3015873015873015,0.12169312169312169,0.23809523809523814,0.5026455026455026
0.4587912087912088,0.0,0.021978021978022066,-0.07967032967032961,0.09065934065934067,0.260989010989011,-0.03296703296703285,0.2664835164835164,0.37637362637362637
0.4358974358974359,-0.10955710955710962,0.053613053613053685,-0.07692307692307687,0.11421911421911424,0.41258741258741255,-0.07226107226107237,0.254079254079254,0.407925407925408
0.49514563106796106,-0.029126213592232997,0.22330097087378636,0.10679611650485438,0.14563106796116504,0.41747572815533984,0.14563106796116504,0.20388349514563103,0.4563106796116505
0.3646408839779005,0.027624309392265234,0.06629834254143652,-0.12154696132596682,0.0,0.1602209944751381,0.005524861878452969,0.3093922651933702,0.4419889502762431
0.27699530516431925,-0.014084507042253502,0.09859154929577463,-0.06103286384976525,0.22065727699530524,0.12676056338028174,0.09859154929577474,0.4460093896713615,0.46478873239436613
0.30294906166219837,0.013404825737265424,-0.04021447721179627,0.008042895442359255,0.11528150134048254,0.06702412868632712,0.14745308310991956,0.41554959785522794,0.5281501340482573
0.4383954154727794,-0.04871060171919772,0.048710601719197666,-0.0372492836676217,0.10601719197707737,0.14613180515759305,-0.002865329512893977,0.23782234957020065,0.5243553008595989
0.3846153846153846,0.06029106029106035,0.0893970893970894,-0.12266112266112267,0.10602910602910603,0.07276507276507277,-0.056133056133056136,0.2806652806652807,0.46777546777546775
0.4794520547945205,-0.0228310502283105,0.17808219178082185,-0.10502283105022825,0.1141552511415525,0.1324200913242009,0.21461187214611865,0.4246575342465753,0.6255707762557077
0.42723004694835687,-0.07981220657276994,-0.0046948356807512415,0.06103286384976525,0.09859154929577468,0.032863849765258246,0.14553990610328643,0.37089201877934275,0.5492957746478873
0.3090909090909091,0.3090909090909091,0.054545454545454564,-0.09090909090909083,0.09090909090909088,0.4181818181818182,0.3090909090909091,-0.018181818181818132,0.49090909090909085
0.5333333333333332,-0.06666666666666665,0.22222222222222232,-0.22222222222222215,0.1555555555555555,0.39999999999999997,-0.19999999999999996,0.4222222222222221,0.5111111111111111
0.5714285714285714,0.14285714285714285,0.05714285714285716,0.3428571428571428,0.19999999999999996,0.05714285714285716,0.37142857142857144,0.6000000000000001,0.3142857142857143
0.3896103896103896,0.038961038961038974,0.16883116883116878,0.09090909090909088,0.1558441558441559,0.4545454545454546,0.18181818181818188,0.2597402597402598,0.4805194805194805
0.46226415094339623,-0.04716981132075482,0.12264150943396235,-0.09433962264150941,0.07547169811320753,0.3679245283018868,0.047169811320754595,0.2547169811320754,0.5471698113207548
0.6666666666666666,0.027777777777777735,0.38888888888888884,0.05555555555555558,0.19444444444444442,0.47222222222222215,0.16666666666666663,0.22222222222222227,0.41666666666666663
0.47572815533980584,0.10679611650485438,0.12621359223300965,-0.12621359223300965,0.029126213592232997,0.08737864077669899,0.08737864077669899,0.37864077669902907,0.262135922330097
0.49090909090909096,0.036363636363636376,0.05454545454545451,-0.018181818181818077,0.12727272727272726,0.39999999999999997,0.12727272727272732,0.2545454545454545,0.3636363636363636
0.518796992481203,-0.03759398496240607,0.11278195488721804,-0.06766917293233077,0.03759398496240607,0.24812030075187963,-0.03759398496240607,0.11278195488721804,0.593984962406015
0.43333333333333335,0.09999999999999998,0.21666666666666673,0.03333333333333344,0.25,0.3666666666666667,0.1333333333333333,0.3833333333333333,0.5166666666666666
0.4204081632653062,-0.004081632653061218,0.08571428571428569,-0.07755102040816331,0.11836734693877554,0.24897959183673468,0.04489795918367351,0.3387755102040817,0.4938775510204081
0.37362637362637363,0.0,0.13186813186813184,-0.08791208791208799,0.1208791208791209,0.40659340659340654,0.054945054945054916,0.2637362637362637,0.4615384615384616
0.22222222222222215,0.2962962962962963,0.37037037037037046,0.03703703703703698,0.0,0.6296296296296298,0.37037037037037035,0.11111111111111116,0.44444444444444453
0.3740458015267176,0.0992366412213741,0.03816793893129772,-0.14503816793893126,0.03816793893129766,0.38931297709923657,0.08396946564885499,0.3282442748091603,0.3435114503816794
0.6284153005464481,-0.005464480874316946,0.016393442622950838,-0.060109289617486406,0.03825136612021862,0.33333333333333326,0.02732240437158473,0.30054644808743175,0.4426229508196722
0.3970588235294117,0.10294117647058826,0.14705882352941185,0.05882352941176472,-0.10294117647058826,0.2941176470588236,0.16176470588235298,0.23529411764705888,0.5294117647058822
0.5866666666666667,0.22666666666666663,0.25333333333333335,0.15999999999999992,0.06666666666666665,0.22666666666666657,0.17333333333333334,0.2533333333333334,0.33333333333333326
0.39175257731958757,0.061855670103092786,0.1546391752577319,-0.18556701030927836,0.14432989690721643,0.38144329896907214,-0.010309278350515427,0.31958762886597936,0.46391752577319595
0.4336283185840708,0.0,0.017699115044247815,-0.15929203539823011,0.017699115044247815,0.2300884955752212,0.0,0.1327433628318584,0.5221238938053099
0.4838709677419355,0.032258064516129004,0.13548387096774184,-0.032258064516129004,-0.019354838709677358,0.34193548387096767,0.04516129032258065,0.3032258064516129,0.5354838709677419
0.48611111111111116,0.22222222222222227,0.027777777777777735,-0.13888888888888884,0.06944444444444442,0.38888888888888884,0.06944444444444442,0.26388888888888884,0.38888888888888884
0.2234762979683973,-0.2776523702031603,0.11963882618510158,-0.1286681715575621,-0.1512415349887133,0.10158013544018063,0.051918735891647805,0.23250564334085772,0.4492099322799097
0.1600000000000001,-0.32,0.040000000000000036,-0.19999999999999996,-0.21999999999999997,-0.020000000000000018,0.22666666666666663,0.3933333333333333,0.4733333333333334
0.31400966183574885,0.09178743961352653,-0.004830917874396101,-0.0531400966183575,0.12077294685990342,0.13043478260869568,0.1497584541062802,0.37198067632850235,0.4975845410628019
0.2275574112734864,-0.2734864300626305,0.035490605427974886,-0.03131524008350739,-0.17745302713987465,-0.04384133611691027,0.24008350730688938,0.2776617954070981,0.453027139874739
0.4513274336283186,0.04424778761061954,0.06194690265486713,-0.1740412979351033,0.09144542772861364,0.23303834808259588,-0.05014749262536877,0.2212389380530974,0.5457227138643068
0.5374149659863945,-0.061224489795918324,0.08843537414965996,-0.07482993197278914,0.10204081632653061,0.0748299319727892,-0.04761904761904767,0.346938775510204,0.49659863945578225
0.27499999999999997,-0.10000000000000009,0.2250000000000001,0.125,-0.024999999999999967,0.14999999999999997,0.25,0.32499999999999996,0.5249999999999999
0.3428571428571429,0.014285714285714235,0.07619047619047614,-0.08095238095238089,0.12380952380952381,0.11904761904761907,0.10000000000000009,0.3285714285714285,0.45238095238095233
0.4840294840294841,0.04176904176904184,0.017199017199017175,-0.11056511056511059,0.08599508599508598,0.11547911547911549,-0.07616707616707608,0.30712530712530706,0.5184275184275183
0.3918918918918919,0.0,0.05405405405405411,-0.1351351351351351,0.14189189189189189,0.23648648648648646,-0.027027027027026973,0.31756756756756754,0.5067567567567568
0.3157894736842106,0.042105263157894646,0.021052631578947434,-0.12631578947368416,0.11578947368421044,0.2736842105263158,0.03157894736842115,0.31578947368421056,0.47368421052631576
0.2808988764044944,-0.4382022471910112,-0.0786516853932584,-0.23595505617977525,-0.2134831460674157,0.011235955056179803,0.21348314606741564,0.32584269662921345,0.550561797752809
0.3780487804878048,-0.1707317073170732,-0.03658536585365857,-0.12195121951219517,-0.19512195121951215,0.14634146341463422,0.15853658536585358,0.1707317073170732,0.3780487804878048
0.41573033707865165,-0.303370786516854,0.011235955056179803,-0.011235955056179803,-0.12359550561797761,0.0786516853932584,0.1685393258426966,0.23595505617977525,0.4382022471910112
0.26881720430107525,-0.26881720430107525,-0.09677419354838707,0.05376344086021506,-0.13978494623655907,0.010752688172043001,0.09677419354838707,0.35483870967741943,0.3333333333333334
0.29411764705882354,-0.34117647058823536,-0.0117647058823529,-0.0117647058823529,-0.17647058823529416,0.0117647058823529,0.08235294117647063,0.411764705882353,0.2705882352941176
0.17721518987341778,-0.16455696202531644,0.03797468354430378,-0.06329113924050622,0.03797468354430378,0.17721518987341772,0.1518987341772151,0.240506329113924,0.22784810126582272
0.26637554585152845,-0.25764192139737985,0.11790393013100431,-0.15283842794759828,-0.18777292576419208,0.1353711790393013,0.09170305676855889,0.3187772925764192,0.3886462882096069
0.2760180995475113,-0.33936651583710414,0.03167420814479638,-0.15837104072398184,-0.08597285067873295,0.085972850678733,0.004524886877828038,0.3303167420814479,0.45701357466063347
0.22857142857142865,-0.17142857142857149,0.19999999999999996,0.0857142857142858,-0.1428571428571428,0.2857142857142857,0.2857142857142858,0.2285714285714286,0.39999999999999997
0.1399317406143345,-0.36518771331058014,0.03754266211604096,-0.11262798634812293,-0.20136518771331052,0.023890784982935176,0.07849829351535842,0.26279863481228666,0.3037542662116041
0.1428571428571428,-0.4285714285714286,0.1428571428571428,0.04761904761904767,-0.28571428571428575,0.0,0.09523809523809529,0.5238095238095237,0.33333333333333337
0.15999999999999992,-0.32000000000000006,-0.040000000000000036,-0.08000000000000007,-0.15999999999999992,0.12,0.08000000000000007,0.24,0.43999999999999995
0.416058394160584,0.08029197080291972,0.16788321167883208,-0.06569343065693428,0.06569343065693434,0.22627737226277378,0.02189781021897813,0.45985401459854014,0.3868613138686132
0.38853503184713384,-0.019108280254777066,-0.006369426751592355,-0.04458598726114649,0.07006369426751591,0.21019108280254778,-0.12101910828025475,0.22292993630573243,0.5031847133757963
0.4468085106382978,0.0585106382978724,0.015957446808510634,0.021276595744680937,0.02659574468085113,0.2127659574468086,0.07446808510638303,0.3085106382978724,0.4521276595744681
0.3636363636363637,0.12121212121212127,-0.030303030303030276,0.045454545454545414,0.09090909090909083,0.07575757575757575,0.25757575757575757,0.4545454545454546,0.37878787878787884
0.33928571428571436,0.026785714285714246,0.035714285714285754,-0.0535714285714286,0.1071428571428572,0.1160714285714286,0.0,0.3303571428571428,0.5089285714285715
0.3858267716535433,0.055118110236220375,0.023622047244094446,0.13385826771653542,0.10236220472440949,0.13385826771653542,-0.007874015748031482,0.3858267716535433,0.4488188976377953
0.37391304347826093,0.08985507246376812,0.03768115942028977,-0.06280193236714982,0.1497584541062802,0.20579710144927527,0.11884057971014489,0.3874396135265701,0.4144927536231884
0.12195121951219506,-0.2601626016260163,0.03252032520325199,-0.15447154471544722,-0.11382113821138207,-0.01626016260162605,0.3658536585365853,0.43089430894308944,0.5447154471544716
0.47016706443914075,0.026252983293556076,0.01670644391408116,-0.059665871121718395,0.13603818615751795,0.1694510739856802,0.03102625298329359,0.25059665871121717,0.4176610978520286
0.4462081128747795,-0.033509700176366786,0.033509700176366786,-0.04761904761904756,0.06525573192239859,0.0582010582010582,0.1534391534391535,0.34391534391534384,0.5167548500881833
0.421875,0.078125,0.1171875,0.03125,0.2109375,0.140625,0.3125,0.5234375,0.6015625
0.4326241134751773,-0.04491725768321514,0.05437352245862881,-0.02600472813238769,0.11111111111111116,0.11111111111111116,0.1063829787234043,0.3995271867612292,0.5460992907801419
0.5483870967741935,0.010752688172043001,0.1827956989247312,-0.09677419354838707,0.17204301075268807,0.2043010752688172,0.09677419354838707,0.40860215053763443,0.5483870967741935
0.36926147704590817,0.06586826347305386,0.12175648702594805,-0.041916167664670656,0.11776447105788423,0.23353293413173648,0.10179640718562877,0.4291417165668663,0.48103792415169666
0.4247491638795986,-0.01672240802675584,0.03678929765886285,-0.07023411371237465,0.10367892976588633,0.14381270903010035,-0.030100334448160515,0.10367892976588633,0.41137123745819393
0.4742268041237114,-0.046391752577319645,0.041237113402061765,-0.097938144329897,0.1494845360824742,0.10824742268041238,-0.03608247422680422,0.28865979381443296,0.5618556701030928
0.45762711864406785,-0.07344632768361586,0.10734463276836159,-0.0847457627118644,0.039548022598870025,0.14124293785310726,-0.016949152542372836,0.20903954802259894,0.423728813559322
0.4537037037037037,0.060185185185185175,0.004629629629629595,-0.09722222222222227,0.06944444444444442,0.16203703703703698,0.060185185185185175,0.2592592592592592,0.4629629629629629
0.41496598639455784,0.0022675736961450532,0.07029478458049887,0.0022675736961450532,0.12471655328798187,0.1201814058956916,0.13378684807256236,0.4693877551020409,0.5600907029478459
0.5955882352941178,-0.047794117647058876,0.1654411764705883,-0.1691176470588236,0.09558823529411775,0.45955882352941174,-0.08823529411764713,0.26102941176470584,0.4705882352941177
0.5377777777777779,0.057777777777777706,-0.09333333333333327,-0.013333333333333253,0.12888888888888883,0.13777777777777778,0.040000000000000036,0.5022222222222221,0.4488888888888889
0.37275064267352187,-0.22879177377892024,0.06426735218509,-0.10025706940874035,-0.01285347043701801,0.023136246786632397,0.0025706940874035134,0.22879177377892024,0.557840616966581
0.4468085106382979,-0.30496453900709214,0.17730496453900713,-0.07801418439716312,-0.08510638297872336,0.12056737588652483,0.07801418439716312,0.2411347517730496,0.4326241134751774
0.3246753246753247,0.07359307359307365,0.1341991341991342,-0.09090909090909083,0.18614718614718617,0.09956709956709964,0.18614718614718617,0.5411255411255411,0.6190476190476191
0.33085501858736066,0.018587360594795488,-0.04832713754646839,-0.07806691449814124,0.1301115241635688,0.04832713754646839,0.1003717472118959,0.3977695167286246,0.4721189591078067
0.4691358024691357,0.0679012345679012,-0.0432098765432099,-0.13580246913580246,0.04938271604938271,0.09259259259259262,0.012345679012345734,0.3641975308641975,0.48148148148148145
0.4305555555555556,-0.03703703703703709,0.027777777777777846,-0.09722222222222227,0.09722222222222221,0.10648148148148145,-0.009259259259259245,0.3287037037037037,0.4398148148148149
0.45671641791044776,0.02089552238805964,0.12238805970149258,-0.032835820895522394,0.06865671641791038,0.3671641791044775,0.04477611940298504,0.12835820895522387,0.5283582089552239
0.5019762845849802,-0.04347826086956519,0.13833992094861663,-0.1541501976284585,0.07509881422924902,0.3438735177865614,0.011857707509881354,0.12252964426877466,0.6363636363636365
0.6551724137931034,-0.01149425287356326,0.17241379310344834,-0.10344827586206895,0.21839080459770122,0.37931034482758624,0.10344827586206895,0.3563218390804597,0.47126436781609193
0.4190871369294606,0.08713692946058099,0.053941908713692976,-0.06224066390041494,0.029045643153526923,0.29460580912863066,-0.06224066390041494,0.06224066390041494,0.5435684647302904
0.5061728395061729,0.09876543209876543,0.18518518518518512,0.13580246913580246,-0.024691358024691412,0.3209876543209877,0.18518518518518517,0.18518518518518517,0.5185185185185186
0.43455497382198954,0.015706806282722585,0.04712041884816753,-0.057591623036649275,0.08900523560209428,0.02617801047120416,0.02617801047120416,0.36125654450261774,0.5183246073298429
0.41071428571428564,-0.09821428571428564,0.1339285714285714,-0.1160714285714286,0.044642857142857206,0.1964285714285714,0.04464285714285715,0.2857142857142857,0.6339285714285714
0.4456762749445677,0.011086474501108667,0.21507760532150777,0.055432372505543226,0.13968957871396892,0.13968957871396892,0.05986696230598665,0.38359201773835927,0.4988913525498892
0.33333333333333337,-0.07526881720430106,0.10752688172043007,-0.010752688172043001,0.06451612903225801,0.06451612903225806,0.1827956989247312,0.36559139784946243,0.4838709677419355
0.445945945945946,-0.1396396396396396,0.009009009009008973,-0.2252252252252252,0.09459459459459457,0.27027027027027023,-0.022522522522522515,0.18018018018018017,0.4144144144144144
0.3374999999999999,0.03750000000000009,0.02499999999999991,-0.07499999999999996,0.10000000000000009,0.13749999999999996,0.03750000000000003,0.33749999999999997,0.38750000000000007
0.4673366834170855,-0.00502512562814067,0.11557788944723613,-0.015075376884422065,-0.045226130653266416,0.11557788944723613,-0.04522613065326636,0.2160804020100502,0.5778894472361809
0.3716475095785441,0.04980842911877392,0.06513409961685829,-0.0957854406130268,0.13409961685823757,0.3716475095785441,-0.0957854406130268,0.24137931034482762,0.43295019157088127
0.32129963898916974,0.0,0.01083032490974739,-0.24187725631768964,0.15884476534296033,0.36101083032490977,-0.06859205776173294,0.18411552346570392,0.35379061371841164
0.2866666666666666,-0.18000000000000005,-0.09999999999999992,-0.26,-0.040000000000000036,0.15999999999999998,-0.053333333333333344,0.10000000000000003,0.35333333333333333
0.39830508474576265,-0.35593220338983045,-0.042372881355932146,-0.1864406779661017,-0.07627118644067798,0.02542372881355931,-0.09322033898305082,0.025423728813559254,0.4915254237288136
0.338403041825095,-0.3612167300380228,0.06463878326996197,-0.26996197718631176,-0.13307984790874522,0.14068441064638781,-0.01901140684410646,0.0874524714828897,0.5133079847908746
0.37614678899082576,-0.1743119266055046,0.15596330275229364,-0.0825688073394496,-0.06422018348623854,0.22935779816513768,-0.04587155963302747,0.4128440366972477,0.33944954128440363
0.49606299212598426,-0.08661417322834652,0.023622047244094446,-0.25196850393700787,0.03937007874015741,0.2440944881889764,-0.12598425196850394,0.1653543307086615,0.49606299212598426
0.46666666666666673,-0.12000000000000005,0.09333333333333338,-0.013333333333333253,0.06666666666666665,0.52,0.040000000000000036,0.33333333333333337,0.41333333333333344
0.46249999999999997,-0.0625,-0.012499999999999956,-0.19375000000000003,0.14375000000000004,0.3187500000000001,-0.08125000000000004,0.23124999999999996,0.39374999999999993
0.3461538461538462,-0.03846153846153849,-0.03846153846153855,-0.07692307692307687,0.23076923076923078,0.5,0.11538461538461542,0.5,0.3076923076923077
0.3382624768946396,0.11275415896487989,0.14972273567467642,0.027726432532347522,0.0979667282809612,0.1349353049907578,0.06099815157116456,0.30499075785582264,0.48243992606284664
0.4186046511627906,0.03488372093023262,0.08139534883720922,-0.011627906976744207,0.08139534883720928,0.13953488372093026,0.1744186046511627,0.3255813953488372,0.40697674418604657
0.381578947368421,-0.02631578947368418,0.19736842105263164,-0.07894736842105265,0.09210526315789469,0.4078947368421053,0.19736842105263164,0.19736842105263153,0.31578947368421056
0.4160305343511451,0.022900763358778553,0.05343511450381677,0.011450381679389332,0.16793893129770993,0.13740458015267176,0.15267175572519082,0.48091603053435117,0.5572519083969465
0.4181818181818182,-0.07878787878787874,-0.030303030303030276,-0.030303030303030276,0.07878787878787874,0.2727272727272727,0.06666666666666665,0.16363636363636358,0.33333333333333326
0.38211382113821146,0.04065040650406504,0.12195121951219517,-0.04065040650406504,0.05691056910569103,0.23577235772357724,-0.10569105691056913,0.30081300813008127,0.20325203252032525
0.28825622775800713,0.053380782918149405,0.02491103202846978,-0.06049822064056937,0.16014234875444844,0.302491103202847,0.039145907473309594,0.395017793594306,0.3380782918149467
0.36395759717314485,-0.024734982332155597,-0.04593639575971736,-0.08833922261484095,0.13780918727915198,0.12367491166077738,0.06713780918727918,0.34275618374558303,0.49116607773851584
0.5076335877862594,-0.08778625954198471,0.1717557251908397,-0.011450381679389388,0.04198473282442755,0.1946564885496183,-0.00763358778625961,0.282442748091603,0.5419847328244276
0.42779291553133514,0.02997275204359673,0.06267029972752036,-0.07901907356948223,0.08991825613079019,0.2970027247956404,0.0027247956403269047,0.3188010899182561,0.42779291553133514
0.3395061728395061,-0.03703703703703698,-0.006172839506172867,-0.08024691358024688,0.11728395061728403,0.0185185185185186,0.2345679012345679,0.4753086419753086,0.5555555555555556
0.2924791086350975,0.0473537604456824,0.09192200557103064,-0.0362116991643453,0.1532033426183843,0.00835654596100277,0.0027855153203342198,0.3704735376044569,0.5041782729805013
0.4437086092715231,0.0,0.1125827814569536,0.0,0.14569536423841056,0.1059602649006623,0.02649006622516553,0.27152317880794696,0.5165562913907285
0.5495495495495495,-0.018018018018018056,0.06306306306306309,-0.09009009009009006,0.03603603603603606,0.2432432432432432,0.0,0.3333333333333334,0.4414414414414414
0.45591939546599497,-0.03778337531486148,0.128463476070529,-0.027707808564231717,0.16372795969773302,0.11335012594458438,0.11335012594458438,0.41561712846347604,0.5516372795969773
0.5181518151815181,-0.09570957095709565,0.11551155115511547,-0.18151815181518144,0.12871287128712877,0.41254125412541254,-0.01650165016501648,0.1683168316831684,0.4653465346534653
0.4052757793764989,0.08393285371702636,0.07434052757793763,-0.09832134292565947,0.04556354916067157,0.17985611510791366,0.11270983213429253,0.4244604316546763,0.4436450839328537
0.3758542141230068,-0.02050113895216399,0.15261958997722092,-0.09339407744874717,0.12072892938496582,0.2892938496583143,0.029612756264236983,0.3029612756264237,0.4350797266514806
0.40363636363636357,0.014545454545454584,0.08727272727272728,-0.021818181818181792,0.05818181818181811,0.1709090909090909,0.021818181818181792,0.3963636363636364,0.5163636363636365
0.34164588528678297,-0.07231920199501252,-0.027431421446384052,-0.032418952618453845,0.16708229426433913,0.007481296758104716,0.30673316708229426,0.46134663341645876,0.6857855361596009
0.541871921182266,0.014778325123152747,0.0,-0.07389162561576357,0.059113300492610765,0.23645320197044328,0.0,0.29556650246305427,0.4482758620689655
0.37209302325581395,0.03875968992248069,0.007751937984496138,0.0,0.11627906976744184,0.12403100775193798,0.17829457364341095,0.5038759689922481,0.48062015503875966
0.4307304785894206,0.04282115869017633,0.002518891687657454,-0.007556675062972307,0.012594458438287104,0.13853904282115875,0.06801007556675065,0.33501259445843834,0.5818639798488665
0.627906976744186,0.0852713178294574,0.22480620155038755,0.0542635658914728,0.13178294573643412,0.4883720930232558,0.14728682170542634,0.20930232558139528,0.4573643410852713
0.3663366336633663,-0.02970297029702973,0.03630363036303641,-0.03630363036303641,0.05610561056105606,-0.00990099009900991,0.05610561056105601,0.3465346534653465,0.41254125412541254
0.5058823529411764,-0.04313725490196069,0.1215686274509804,-0.02745098039215682,0.1843137254901961,0.19215686274509802,0.04313725490196069,0.2862745098039215,0.5215686274509803
0.38308457711442795,-0.004975124378109486,0.06467661691542292,-0.17910447761194032,0.1293532338308458,0.10447761194029859,0.00995024875621886,0.2288557213930349,0.4427860696517413
0.43615257048092865,-0.0016583747927030879,0.06467661691542292,-0.018242122719734688,0.11111111111111116,0.14427860696517414,0.15422885572139305,0.39635157545605315,0.5489220563847429
0.48878923766816135,0.02242152466367714,0.05829596412556054,-0.040358744394618784,0.07623318385650224,0.03139013452914802,0.21973094170403584,0.4977578475336322,0.6143497757847534
0.37777777777777777,0.06666666666666665,0.33333333333333326,-0.19999999999999996,0.1555555555555555,0.4222222222222223,-0.11111111111111116,0.5555555555555555,0.37777777777777777
0.3794749403341289,-0.04534606205250602,0.01670644391408116,-0.12171837708830546,0.1408114558472553,0.2124105011933174,-0.10262529832935563,0.22195704057279242,0.48926014319809064
0.35640138408304495,-0.08650519031141868,0.07958477508650524,-0.15570934256055358,0.11418685121107264,0.14186851211072676,-0.12110726643598607,0.13494809688581322,0.5224913494809689
0.43703703703703706,-0.0222222222222222,0.03703703703703698,-0.2,0.051851851851851816,0.2148148148148148,-0.051851851851851816,0.12592592592592583,0.37777777777777777
0.4233687405159333,0.022761760242792084,-0.02579666160849775,-0.1836115326251897,0.09559939301972697,0.1593323216995448,-0.09863429438543247,0.20485584218512898,0.3414264036418816
0.45341614906832295,-0.06832298136645965,0.04347826086956519,-0.018633540372670787,0.05590062111801242,0.03105590062111796,0.05590062111801242,0.5031055900621118,0.515527950310559
0.514792899408284,-0.06508875739644981,0.07692307692307704,-0.05917159763313601,0.08875739644970415,0.2011834319526628,0.023668639053254503,0.34911242603550297,0.5680473372781065
0.39639639639639634,-0.027027027027026973,-0.08108108108108114,-0.10810810810810811,0.08108108108108114,0.05405405405405406,0.11711711711711714,0.4234234234234235,0.5045045045045045
0.3076923076923077,0.23076923076923078,0.1923076923076923,0.07692307692307687,0.1923076923076923,0.3461538461538462,0.3846153846153846,0.1923076923076923,0.4615384615384616
0.36170212765957444,0.297872340425532,0.25531914893617014,0.1063829787234043,0.08510638297872342,0.38297872340425526,0.27659574468085113,0.06382978723404253,0.36170212765957444
0.31658291457286436,0.1758793969849246,-0.035175879396984966,0.015075376884422065,0.2361809045226131,0.04522613065326636,0.25628140703517577,0.5376884422110553,0.4170854271356785
0.4661354581673307,-0.003984063745019917,-0.01195219123505975,-0.11553784860557764,0.1314741035856573,0.19521912350597603,0.09960159362549798,0.402390438247012,0.42629482071713154
0.3468013468013469,-0.037037037037037035,0.09764309764309764,-0.023569023569023573,0.11111111111111116,0.1043771043771044,0.037037037037037035,0.31313131313131315,0.494949494949495
0.5238095238095237,0.00366300366300365,-0.01098901098901095,-0.1355311355311355,0.07692307692307693,0.018315018315018305,0.06227106227106227,0.29670329670329665,0.5897435897435899
